#Total No. of Cluster Types: 4445
#Total No. of Cluster Tokens: 30884
1	890	1	и
2	860	1	я
3	714	1	в
4	677	1	вот
5	665	1	быть
6	627	1	не
7	621	1	а
8	569	1	то
9	535	1	что
10	480	1	это
11	464	1	ну
12	457	1	да
13	374	1	мы
14	369	1	на
15	335	1	как
16	328	1	у
17	290	1	он
18	287	1	с
19	281	1	вы
20	257	1	там
21	250	1	этот
22	211	1	все
23	200	1	она
24	200	1	так
25	199	1	они
26	198	1	ты
27	184	1	говорить
28	168	1	по
29	166	1	такой
30	165	1	ээ
31	160	1	весь
32	160	1	год
33	159	1	какой
34	147	1	знать
35	145	1	уже
36	143	1	нрзб
37	116	1	человек
38	113	1	эээ
39	111	1	но
40	110	1	бы
41	110	1	э
42	106	1	к
43	105	1	который
44	105	1	сказать
45	103	1	когда
46	103	1	мочь
47	94	1	очень
48	93	1	же
49	91	1	потому
50	91	1	тот
51	90	1	за
52	88	1	кто
53	84	1	еще
54	83	1	нет
55	83	1	тут
56	82	1	себя
57	81	1	аа
58	81	1	если
59	81	1	свой
60	80	1	где
61	79	1	здесь
62	78	1	мой
63	76	1	из
64	72	1	один
65	70	1	ребенок
66	69	1	наш
67	69	1	тоже
68	67	1	или
69	64	1	время
70	63	1	жить
71	63	1	только
72	60	1	для
73	60	1	до
74	60	1	ходить
75	58	1	другой
76	57	1	два
77	57	1	сейчас
78	56	1	конечно
79	56	1	от
80	56	1	работать
81	55	1	понимать
82	55	1	самый
83	53	1	надо
84	52	1	пойти
85	52	1	потом
86	51	1	хороший
87	50	1	просто
88	50	1	раз
89	50	1	щас
90	49	1	делать
91	49	1	мм
92	49	1	о
93	48	1	много
94	47	1	идти
95	47	1	первый
96	46	1	сам
97	44	1	видеть
98	44	1	работа
99	43	1	день
100	43	1	почему
101	43	1	угу
102	42	1	даже
103	42	1	сегодня
104	41	1	нужный
105	40	1	вообще
106	40	1	сколько
107	39	1	всегда
108	38	1	ли
109	38	1	стать
110	38	1	хотеть
111	37	1	наверное
112	36	1	во
113	36	1	жизнь
114	35	1	земля
115	35	1	туда
116	35	1	чтобы
117	34	1	думать
118	34	1	можно
119	34	1	про
120	33	1	дело
121	33	1	значить
122	32	1	поэтому
123	32	1	три
124	31	1	давать
125	31	1	должен
126	31	1	опять
127	31	1	помнить
128	31	1	сидеть
129	31	1	уж
130	30	1	ваш
131	30	1	дом
132	30	1	нибудь
133	30	1	прийти
134	30	1	пять
135	29	1	каждый
136	29	1	понятный
137	29	1	рассказать
138	28	1	ааа
139	28	1	баба
140	28	1	никто
141	28	1	со
142	28	1	учиться
143	28	1	школа
144	27	1	ага
145	27	1	большой
146	27	1	война
147	27	1	вопрос
148	27	1	дать
149	27	1	ничто
150	27	1	тысяча
151	26	1	смотреть
152	26	1	сразу
153	26	1	тогда
154	26	1	улица
155	26	1	че
156	26	1	язык
157	25	1	более
158	25	1	деревня
159	25	1	м
160	25	1	новый
161	25	1	россия
162	24	1	больше
163	24	1	двадцать
164	24	1	ж
165	24	1	ой
166	24	1	приехать
167	24	1	таки
168	24	1	чтоб
169	23	1	ведь
170	23	1	никакой
171	23	1	общий
172	22	1	бабушка
173	22	1	здравствовать
174	22	1	играть
175	22	1	отец
176	22	1	рано
177	22	1	стоять
178	21	1	вести
179	21	1	второй
180	21	1	мама
181	21	1	начать
182	21	1	пацан
183	21	1	слушать
184	21	1	сорок
185	21	1	стоить
186	21	1	четыре
187	20	1	вместе
188	20	1	заниматься
189	20	1	казаться
190	20	1	любой
191	20	1	место
192	20	1	ни
193	20	1	приходить
194	20	1	рассказывать
195	20	1	ребята
196	20	1	сделать
197	20	1	спрашивать
198	20	1	сторона
199	19	1	бог
200	19	1	город
201	19	1	десять
202	19	1	конец
203	19	1	называть
204	19	1	под
205	19	1	получаться
206	19	1	семья
207	19	1	слово
208	18	1	взять
209	18	1	ехать
210	18	1	иметь
211	18	1	интересный
212	18	1	машина
213	18	1	найти
214	18	1	некоторый
215	18	1	остаться
216	18	1	родитель
217	18	1	тридцать
218	18	1	умереть
219	18	1	хорошо
220	17	1	без
221	17	1	вон
222	17	1	история
223	17	1	куда
224	17	1	ладно
225	17	1	муж
226	17	1	мужик
227	17	1	народ
228	17	1	после
229	17	1	посмотреть
230	17	1	сдавать
231	17	1	сто
232	17	1	типа
233	17	1	цена
234	17	1	читать
235	17	1	шесть
236	16	1	брать
237	16	1	далеко
238	16	1	деньги
239	16	1	дома
240	16	1	именно
241	16	1	кстати
242	16	1	назад
243	16	1	постоянно
244	16	1	правильно
245	16	1	русский
246	16	1	сюда
247	16	1	теперь
248	16	1	утро
249	16	1	хоть
250	15	1	бывать
251	15	1	горшок
252	15	1	девять
253	15	1	ко
254	15	1	купить
255	15	1	лес
256	15	1	либо
257	15	1	мир
258	15	1	называться
259	15	1	например
260	15	1	пожалуйста
261	15	1	приезжать
262	15	1	прям
263	15	1	родиться
264	15	1	рука
265	15	1	считать
266	15	1	це
267	15	1	часть
268	14	1	брат
269	14	1	вода
270	14	1	вчера
271	14	1	выйти
272	14	1	звать
273	14	1	любить
274	14	1	маленький
275	14	1	мало
276	14	1	месяц
277	14	1	молодой
278	14	1	ночь
279	14	1	плохой
280	14	1	пока
281	14	1	равный
282	14	1	сказка
283	14	1	смеется
284	14	1	твой
285	14	1	через
286	14	1	шестьдесят
287	13	1	возможность
288	13	1	дак
289	13	1	далее
290	13	1	друг
291	13	1	здание
292	13	1	их
293	13	1	кидать
294	13	1	момент
295	13	1	находиться
296	13	1	несколько
297	13	1	оно
298	13	1	пахать
299	13	1	подумать
300	13	1	разный
301	13	1	синий
302	12	1	возраст
303	12	1	выходить
304	12	1	зуб
305	12	1	нельзя
306	12	1	поехать
307	12	1	помогать
308	12	1	понять
309	12	1	праздник
310	12	1	проблема
311	12	1	пройти
312	12	1	рубль
313	12	1	сложный
314	12	1	смысл
315	12	1	собака
316	12	1	старик
317	12	1	чуть
318	11	1	кавказ
319	11	1	красный
320	11	1	лежать
321	11	1	лето
322	11	1	мать
323	11	1	моему
324	11	1	никогда
325	11	1	основной
326	11	1	печь
327	11	1	поле
328	11	1	попасть
329	11	1	принцип
330	11	1	просить
331	11	1	сначала
332	11	1	снег
333	11	1	собирать
334	11	1	сожаление
335	11	1	старый
336	11	1	сын
337	11	1	третий
338	11	1	уйти
339	11	1	час
340	11	1	шо
341	10	1	бессоновка
342	10	1	бояться
343	10	1	везти
344	10	1	вид
345	10	1	всякий
346	10	1	ездить
347	10	1	книжка
348	10	1	колхоз
349	10	1	музыка
350	10	1	наверно
351	10	1	немец
352	10	1	образование
353	10	1	обязательно
354	10	1	отношение
355	10	1	оттуда
356	10	1	папа
357	10	1	полный
358	10	1	практически
359	10	1	пруд
360	10	1	решить
361	10	1	снимать
362	10	1	спать
363	10	1	стараться
364	10	1	тяжелый
365	10	1	учить
366	10	1	хата
367	10	1	чем
368	9	1	баня
369	9	1	болеть
370	9	1	вечер
371	9	1	вещь
372	9	1	главный
373	9	1	девка
374	9	1	действительно
375	9	1	детство
376	9	1	дорога
377	9	1	его
378	9	1	естественно
379	9	1	жена
380	9	1	зима
381	9	1	класс
382	9	1	корова
383	9	1	лошадь
384	9	1	морозко
385	9	1	мыть
386	9	1	начаться
387	9	1	нету
388	9	1	огромный
389	9	1	откуда
390	9	1	показать
391	9	1	попков
392	9	1	пора
393	9	1	последний
394	9	1	поставить
395	9	1	почти
396	9	1	процесс
397	9	1	семь
398	9	1	ситуация
399	9	1	случай
400	9	1	соответственно
401	9	1	состояние
402	9	1	старуха
403	9	1	теплый
404	9	1	ха
405	9	1	хотя
406	9	1	экзамен
407	8	1	абсолютно
408	8	1	бренчать
409	8	1	бурлак
410	8	1	василий
411	8	1	возить
412	8	1	восемь
413	8	1	господь
414	8	1	готовиться
415	8	1	дагестанец
416	8	1	девочка
417	8	1	добрый
418	8	1	долго
419	8	1	доллар
420	8	1	дурак
421	8	1	ее
422	8	1	живой
423	8	1	закончить
424	8	1	иван
425	8	1	искать
426	8	1	культура
427	8	1	магазин
428	8	1	мера
429	8	1	миллион
430	8	1	молчать
431	8	1	начало
432	8	1	начинать
433	8	1	нога
434	8	1	об
435	8	1	писать
436	8	1	подходить
437	8	1	полностью
438	8	1	при
439	8	1	привезти
440	8	1	простой
441	8	1	пятьдесят
442	8	1	рад
443	8	1	связать
444	8	1	сколь
445	8	1	собачка
446	8	1	советский
447	8	1	спасибо
448	8	1	срок
449	8	1	стучать
450	8	1	увидеть
451	8	1	умный
452	8	1	финляндия
453	8	1	часто
454	8	1	ясный
455	7	1	батюшка
456	7	1	буквально
457	7	1	вакцинироваться
458	7	1	вдруг
459	7	1	взрослый
460	7	1	видимо
461	7	1	власть
462	7	1	внук
463	7	1	восемьдесят
464	7	1	восьмой
465	7	1	вроде
466	7	1	газета
467	7	1	готовый
468	7	1	группа
469	7	1	дедушка
470	7	1	держать
471	7	1	длинный
472	7	1	дорогой
473	7	1	елка
474	7	1	ждать
475	7	1	завод
476	7	1	здоровье
477	7	1	интернет
478	7	1	косточка
479	7	1	математика
480	7	1	молитва
481	7	1	молодежь
482	7	1	москва
483	7	1	мхм
484	7	1	навоз
485	7	1	назвать
486	7	1	написать
487	7	1	немножко
488	7	1	нечего
489	7	1	область
490	7	1	объяснить
491	7	1	около
492	7	1	перед
493	7	1	печка
494	7	1	поговорить
495	7	1	политика
496	7	1	получить
497	7	1	понравиться
498	7	1	посев
499	7	1	появиться
500	7	1	правда
501	7	1	правительство
502	7	1	прекрасный
503	7	1	результат
504	7	1	республика
505	7	1	рост
506	7	1	ругаться
507	7	1	связь
508	7	1	сельский
509	7	1	сесть
510	7	1	сила
511	7	1	смочь
512	7	1	совсем
513	7	1	старший
514	7	1	страна
515	7	1	строить
516	7	1	также
517	7	1	тетя
518	7	1	точно
519	7	1	учитель
520	7	1	церковь
521	7	1	этап
522	6	1	азербайджанский
523	6	1	английский
524	6	1	апрель
525	6	1	аээ
526	6	1	блин
527	6	1	болезнь
528	6	1	больной
529	6	1	верить
530	6	1	вернуться
531	6	1	вещдок
532	6	1	висеть
533	6	1	водить
534	6	1	вспомянуть
535	6	1	говориться
536	6	1	государство
537	6	1	готовить
538	6	1	давно
539	6	1	двести
540	6	1	девчата
541	6	1	девяносто
542	6	1	девятый
543	6	1	дед
544	6	1	делаться
545	6	1	дойти
546	6	1	допустить
547	6	1	достаточно
548	6	1	дочь
549	6	1	душа
550	6	1	есть
551	6	1	женщина
552	6	1	житель
553	6	1	задача
554	6	1	занять
555	6	1	зарабатывать
556	6	1	здоровый
557	6	1	изба
558	6	1	интервью
559	6	1	исключить
560	6	1	использовать
561	6	1	камень
562	6	1	каша
563	6	1	километр
564	6	1	кхм
565	6	1	лавка
566	6	1	лечить
567	6	1	май
568	6	1	мероприятие
569	6	1	мечта
570	6	1	мозг
571	6	1	музыкальный
572	6	1	население
573	6	1	наука
574	6	1	нормальный
575	6	1	носить
576	6	1	нравиться
577	6	1	одновременно
578	6	1	определенный
579	6	1	опыт
580	6	1	оставить
581	6	1	первых
582	6	1	перекресток
583	6	1	плохо
584	6	1	плясать
585	6	1	повезти
586	6	1	поглядеть
587	6	1	поесть
588	6	1	поймать
589	6	1	половина
590	6	1	получиться
591	6	1	посадить
592	6	1	посидеть
593	6	1	поступить
594	6	1	представлять
595	6	1	проверить
596	6	1	провести
597	6	1	происходить
598	6	1	против
599	6	1	процент
600	6	1	прямо
601	6	1	пятнадцать
602	6	1	разговаривать
603	6	1	реклама
604	6	1	родственник
605	6	1	рождение
606	6	1	российский
607	6	1	рядом
608	6	1	сателлит
609	6	1	свекла
610	6	1	сено
611	6	1	сжечь
612	6	1	следующий
613	6	1	совершенно
614	6	1	согласиться
615	6	1	спросить
616	6	1	столь
617	6	1	столько
618	6	1	суть
619	6	1	теленок
620	6	1	трактор
621	6	1	триста
622	6	1	уехать
623	6	1	фамилия
624	6	1	финн
625	6	1	целый
626	6	1	ценность
627	6	1	чай
628	6	1	эм
629	6	1	южный
630	5	1	андрей
631	5	1	б
632	5	1	бабка
633	5	1	белек
634	5	1	бороться
635	5	1	будто
636	5	1	везде
637	5	1	версия
638	5	1	вздыхать
639	5	1	видно
640	5	1	вставать
641	5	1	встать
642	5	1	встречать
643	5	1	выбрать
644	5	1	глаз
645	5	1	гость
646	5	1	даг
647	5	1	двенадцать
648	5	1	дверь
649	5	1	двор
650	5	1	детский
651	5	1	деятельность
652	5	1	директор
653	5	1	дон
654	5	1	дочка
655	5	1	дружить
656	5	1	дума
657	5	1	единственный
658	5	1	забор
659	5	1	завтра
660	5	1	задавать
661	5	1	зайти
662	5	1	заходить
663	5	1	знакомый
664	5	1	ка
665	5	1	каменный
666	5	1	канал
667	5	1	книга
668	5	1	коровушка
669	5	1	кричать
670	5	1	кура
671	5	1	кушать
672	5	1	ловить
673	5	1	любимый
674	5	1	маланья
675	5	1	между
676	5	1	метр
677	5	1	мешочек
678	5	1	многий
679	5	1	могила
680	5	1	мост
681	5	1	мужчина
682	5	1	музей
683	5	1	музыкант
684	5	1	наговор
685	5	1	название
686	5	1	направление
687	5	1	неделя
688	5	1	нормально
689	5	1	образ
690	5	1	обратно
691	5	1	обстоятельство
692	5	1	обсуждение
693	5	1	окно
694	5	1	операция
695	5	1	отдать
696	5	1	очередь
697	5	1	ошибка
698	5	1	парень
699	5	1	пенсия
700	5	1	песня
701	5	1	петь
702	5	1	плакать
703	5	1	плести
704	5	1	поезд
705	5	1	пол
706	5	1	положить
707	5	1	получать
708	5	1	помереть
709	5	1	помочь
710	5	1	попробовать
711	5	1	посчитать
712	5	1	посылать
713	5	1	правильный
714	5	1	приблизительно
715	5	1	привести
716	5	1	причитать
717	5	1	программа
718	5	1	проект
719	5	1	проходить
720	5	1	путь
721	5	1	радость
722	5	1	район
723	5	1	реально
724	5	1	режиссер
725	5	1	садиться
726	5	1	сажать
727	5	1	свет
728	5	1	село
729	5	1	сентябрь
730	5	1	серьезный
731	5	1	сеялка
732	5	1	сильно
733	5	1	система
734	5	1	сказочник
735	5	1	служить
736	5	1	слышать
737	5	1	смола
738	5	1	событие
739	5	1	сосед
740	5	1	средний
741	5	1	степень
742	5	1	сходить
743	5	1	счастье
744	5	1	счет
745	5	1	считаться
746	5	1	технология
747	5	1	точный
748	5	1	убирать
749	5	1	угрим
750	5	1	универ
751	5	1	услышать
752	5	1	хватать
753	5	1	целое
754	5	1	центр
755	5	1	черт
756	5	1	четверо
757	5	1	чечня
758	5	1	штука
759	5	1	шутить
760	4	1	noun
761	4	1	аж
762	4	1	александрович
763	4	1	анализ
764	4	1	андерграунд
765	4	1	архив
766	4	1	бандит
767	4	1	батька
768	4	1	бегать
769	4	1	безопасность
770	4	1	безумно
771	4	1	белый
772	4	1	бельково
773	4	1	бить
774	4	1	боль
775	4	1	больница
776	4	1	борьба
777	4	1	будущее
778	4	1	булычев
779	4	1	вакцинация
780	4	1	валентина
781	4	1	ведро
782	4	1	веселый
783	4	1	ветер
784	4	1	внутренний
785	4	1	возможный
786	4	1	воспринимать
787	4	1	вредный
788	4	1	встретиться
789	4	1	вуз
790	4	1	гармонь
791	4	1	гояс
792	4	1	григорьевна
793	4	1	давить
794	4	1	дагестан
795	4	1	данные
796	4	1	данный
797	4	1	де
798	4	1	дельфин
799	4	1	дерево
800	4	1	деревянный
801	4	1	дождь
802	4	1	домой
803	4	1	дорого
804	4	1	достичь
805	4	1	другому
806	4	1	егэ
807	4	1	жи
808	4	1	забрать
809	4	1	задать
810	4	1	замуж
811	4	1	занятие
812	4	1	запрещать
813	4	1	запрячь
814	4	1	зачем
815	4	1	иваныч
816	4	1	издать
817	4	1	испуг
818	4	1	июнь
819	4	1	й
820	4	1	карта
821	4	1	кинуть
822	4	1	коллекция
823	4	1	комбайн
824	4	1	комедия
825	4	1	комната
826	4	1	копать
827	4	1	короткий
828	4	1	красивый
829	4	1	крест
830	4	1	кровь
831	4	1	кухня
832	4	1	лезть
833	4	1	ленный
834	4	1	ляп
835	4	1	мамка
836	4	1	мгм
837	4	1	местность
838	4	1	минимум
839	4	1	михаил
840	4	1	мол
841	4	1	молоко
842	4	1	мысль
843	4	1	мыться
844	4	1	мясо
845	4	1	надеть
846	4	1	надоесть
847	4	1	налаять
848	4	1	насколько
849	4	1	настоящий
850	4	1	наталья
851	4	1	научиться
852	4	1	национальный
853	4	1	некогда
854	4	1	непригодный
855	4	1	нигде
856	4	1	николай
857	4	1	обращение
858	4	1	общаться
859	4	1	объяснять
860	4	1	обязательный
861	4	1	одновременный
862	4	1	оказаться
863	4	1	олимпиада
864	4	1	особенно
865	4	1	оставаться
866	4	1	остальной
867	4	1	остановиться
868	4	1	ответ
869	4	1	открывать
870	4	1	открыть
871	4	1	относиться
872	4	1	педагог
873	4	1	перевозить
874	4	1	перейти
875	4	1	период
876	4	1	план
877	4	1	платок
878	4	1	платье
879	4	1	плюх
880	4	1	поверить
881	4	1	поддерживать
882	4	1	подойти
883	4	1	позвонить
884	4	1	показывать
885	4	1	покупать
886	4	1	политик
887	4	1	поменяться
888	4	1	понужать
889	4	1	пообщаться
890	4	1	походить
891	4	1	почто
892	4	1	представить
893	4	1	прекрасно
894	4	1	преступление
895	4	1	привет
896	4	1	привыкнуть
897	4	1	придумать
898	4	1	примат
899	4	1	продавать
900	4	1	продать
901	4	1	продовольствие
902	4	1	произойти
903	4	1	промышленный
904	4	1	профессиональный
905	4	1	прямой
906	4	1	прятаться
907	4	1	психолог
908	4	1	пустить
909	4	1	пхать
910	4	1	пятый
911	4	1	рабочий
912	4	1	радоваться
913	4	1	развал
914	4	1	развиваться
915	4	1	райкомат
916	4	1	расстрелять
917	4	1	расти
918	4	1	региональный
919	4	1	решение
920	4	1	рижский
921	4	1	родной
922	4	1	рокер
923	4	1	роль
924	4	1	ругать
925	4	1	сахар
926	4	1	сегодняшний
927	4	1	седьмой
928	4	1	сей
929	4	1	секрет
930	4	1	семидесятый
931	4	1	сестра
932	4	1	скот
933	4	1	следить
934	4	1	слеза
935	4	1	слышный
936	4	1	сниться
937	4	1	собрать
938	4	1	собраться
939	4	1	совет
940	4	1	совместный
941	4	1	совпасть
942	4	1	соловей
943	4	1	солома
944	4	1	соседка
945	4	1	специально
946	4	1	список
947	4	1	сплав
948	4	1	спорт
949	4	1	среди
950	4	1	ставить
951	4	1	ствол
952	4	1	стена
953	4	1	существовать
954	4	1	сыпать
955	4	1	таракан
956	4	1	товарищ
957	4	1	топить
958	4	1	торец
959	4	1	точка
960	4	1	трасса
961	4	1	тренер
962	4	1	триллион
963	4	1	трое
964	4	1	троллейбус
965	4	1	труд
966	4	1	тяп
967	4	1	узнавать
968	4	1	улей
969	4	1	уровень
970	4	1	урождать
971	4	1	урок
972	4	1	усиление
973	4	1	успеть
974	4	1	уставать
975	4	1	устроить
976	4	1	учебный
977	4	1	федеральный
978	4	1	хомутово
979	4	1	хотеться
980	4	1	ценный
981	4	1	четырнадцать
982	4	1	чувашский
983	4	1	што
984	4	1	ща
985	4	1	экспедиция
986	4	1	эпидемия
987	4	1	этаж
988	4	1	ягибошна
989	3	1	ielts
990	3	1	аварийный
991	3	1	август
992	3	1	австриец
993	3	1	агенство
994	3	1	ай
995	3	1	активно
996	3	1	активный
997	3	1	аллах
998	3	1	америка
999	3	1	араповка
1000	3	1	армия
1001	3	1	баклажан
1002	3	1	балкария
1003	3	1	банк
1004	3	1	барка
1005	3	1	басхан
1006	3	1	беречь
1007	3	1	богатый
1008	3	1	богородица
1009	3	1	борки
1010	3	1	буряк
1011	3	1	быстро
1012	3	1	вакцинировать
1013	3	1	васильевич
1014	3	1	ваще
1015	3	1	вдохновлять
1016	3	1	век
1017	3	1	вера
1018	3	1	ветка
1019	3	1	вечный
1020	3	1	взгляд
1021	3	1	взорвать
1022	3	1	взятка
1023	3	1	видео
1024	3	1	виктор
1025	3	1	владивосток
1026	3	1	внутри
1027	3	1	вобще
1028	3	1	водитель
1029	3	1	возникать
1030	3	1	войти
1031	3	1	восемнадцатый
1032	3	1	восемнадцать
1033	3	1	воспоминание
1034	3	1	восточный
1035	3	1	впервые
1036	3	1	впечатление
1037	3	1	вполне
1038	3	1	всего
1039	3	1	вундеркинд
1040	3	1	вымыть
1041	3	1	выработать
1042	3	1	высота
1043	3	1	выставка
1044	3	1	выступать
1045	3	1	вязать
1046	3	1	гараж
1047	3	1	гачи
1048	3	1	гектар
1049	3	1	генотип
1050	3	1	герой
1051	3	1	главное
1052	3	1	голова
1053	3	1	гора
1054	3	1	горло
1055	3	1	городской
1056	3	1	гостья
1057	3	1	грамота
1058	3	1	грамотный
1059	3	1	грустный
1060	3	1	гулять
1061	3	1	гумно
1062	3	1	девяностый
1063	3	1	девятилетний
1064	3	1	девятнадцать
1065	3	1	девятьсот
1066	3	1	десна
1067	3	1	детки
1068	3	1	днепр
1069	3	1	добиваться
1070	3	1	добиться
1071	3	1	довести
1072	3	1	довольно
1073	3	1	долгий
1074	3	1	должность
1075	3	1	домашний
1076	3	1	доставлять
1077	3	1	доходить
1078	3	1	дочерь
1079	3	1	древний
1080	3	1	дюже
1081	3	1	европа
1082	3	1	европейский
1083	3	1	ежедневно
1084	3	1	елочка
1085	3	1	енот
1086	3	1	живица
1087	3	1	журналист
1088	3	1	завтрак
1089	3	1	заканчиваться
1090	3	1	закатить
1091	3	1	закончиться
1092	3	1	закрываться
1093	3	1	закрючье
1094	3	1	заменивать
1095	3	1	зарослов
1096	3	1	заставить
1097	3	1	захотеть
1098	3	1	звонить
1099	3	1	значение
1100	3	1	золото
1101	3	1	идея
1102	3	1	известный
1103	3	1	изучать
1104	3	1	иногда
1105	3	1	инстаграм
1106	3	1	институт
1107	3	1	ирина
1108	3	1	испугаться
1109	3	1	исследовательский
1110	3	1	кабардино
1111	3	1	казань
1112	3	1	карман
1113	3	1	картина
1114	3	1	кашица
1115	3	1	квартал
1116	3	1	квартира
1117	3	1	кипелово
1118	3	1	кирпич
1119	3	1	кое
1120	3	1	кой
1121	3	1	коклюшка
1122	3	1	количество
1123	3	1	коллега
1124	3	1	команда
1125	3	1	конкуренция
1126	3	1	кончить
1127	3	1	копейка
1128	3	1	кормить
1129	3	1	кроме
1130	3	1	кругом
1131	3	1	крышка
1132	3	1	кувшинчик
1133	3	1	культурный
1134	3	1	курс
1135	3	1	лампадка
1136	3	1	легкий
1137	3	1	лен
1138	3	1	лететь
1139	3	1	литература
1140	3	1	лицо
1141	3	1	маршрут
1142	3	1	математик
1143	3	1	материал
1144	3	1	матушка
1145	3	1	мгхм
1146	3	1	менять
1147	3	1	местный
1148	3	1	механизм
1149	3	1	миллиард
1150	3	1	мимо
1151	3	1	минус
1152	3	1	мичурин
1153	3	1	многое
1154	3	1	молвить
1155	3	1	молодость
1156	3	1	муниципальный
1157	3	1	налить
1158	3	1	народному
1159	3	1	настолько
1160	3	1	наташа
1161	3	1	национально
1162	3	1	невозможный
1163	3	1	нема
1164	3	1	немножечко
1165	3	1	неплохой
1166	3	1	неправильно
1167	3	1	неправильный
1168	3	1	нехотеевка
1169	3	1	нижний
1170	3	1	никуда
1171	3	1	ничего
1172	3	1	ниша
1173	3	1	нрзд
1174	3	1	нуль
1175	3	1	нынешний
1176	3	1	обманывать
1177	3	1	обмен
1178	3	1	образно
1179	3	1	обращаться
1180	3	1	обсуждать
1181	3	1	общественный
1182	3	1	объект
1183	3	1	обычно
1184	3	1	овсеный
1185	3	1	одеть
1186	3	1	одиннадцать
1187	3	1	однажды
1188	3	1	ознакомиться
1189	3	1	округа
1190	3	1	олечка
1191	3	1	орган
1192	3	1	осень
1193	3	1	осмеять
1194	3	1	отвечать
1195	3	1	отдавать
1196	3	1	отдыхать
1197	3	1	открываться
1198	3	1	открытый
1199	3	1	относительно
1200	3	1	отсюда
1201	3	1	отчасти
1202	3	1	офис
1203	3	1	охотиться
1204	3	1	охотничий
1205	3	1	павел
1206	3	1	палец
1207	3	1	пальма
1208	3	1	пара
1209	3	1	парк
1210	3	1	переехать
1211	3	1	перемена
1212	3	1	перемешаться
1213	3	1	перепелка
1214	3	1	пересадка
1215	3	1	петлюровец
1216	3	1	платить
1217	3	1	плечо
1218	3	1	плыть
1219	3	1	повториться
1220	3	1	подавать
1221	3	1	поделить
1222	3	1	подкидывать
1223	3	1	подобный
1224	3	1	подождать
1225	3	1	подруга
1226	3	1	подсказать
1227	3	1	поезжать
1228	3	1	пожить
1229	3	1	позволять
1230	3	1	поздно
1231	3	1	поздравлять
1232	3	1	политический
1233	3	1	помиловать
1234	3	1	понятие
1235	3	1	попасться
1236	3	1	порча
1237	3	1	поскольку
1238	3	1	послушать
1239	3	1	посоветовать
1240	3	1	правило
1241	3	1	предмет
1242	3	1	предположить
1243	3	1	президент
1244	3	1	признак
1245	3	1	прийтись
1246	3	1	приморский
1247	3	1	принести
1248	3	1	принимать
1249	3	1	принять
1250	3	1	природа
1251	3	1	приятный
1252	3	1	проводить
1253	3	1	продовольственный
1254	3	1	продукт
1255	3	1	прожить
1256	3	1	прозвище
1257	3	1	производство
1258	3	1	прочитать
1259	3	1	пускать
1260	3	1	пчела
1261	3	1	пятьсот
1262	3	1	разве
1263	3	1	развитие
1264	3	1	разлука
1265	3	1	разумный
1266	3	1	раньше
1267	3	1	речка
1268	3	1	речь
1269	3	1	робить
1270	3	1	рода
1271	3	1	рождаться
1272	3	1	ростов
1273	3	1	рот
1274	3	1	рубаха
1275	3	1	ружье
1276	3	1	руководитель
1277	3	1	ручка
1278	3	1	рынок
1279	3	1	сварить
1280	3	1	свинья
1281	3	1	сгребать
1282	3	1	селедка
1283	3	1	семейный
1284	3	1	сергей
1285	3	1	сеять
1286	3	1	скорее
1287	3	1	скоро
1288	3	1	скучный
1289	3	1	слава
1290	3	1	слишком
1291	3	1	сложить
1292	3	1	случайно
1293	3	1	слушаться
1294	3	1	смена
1295	3	1	смешной
1296	3	1	смеяться
1297	3	1	сниматься
1298	3	1	соболь
1299	3	1	совершать
1300	3	1	совещание
1301	3	1	современный
1302	3	1	содержание
1303	3	1	соседний
1304	3	1	составить
1305	3	1	сплавляться
1306	3	1	спортивный
1307	3	1	спортсмен
1308	3	1	спрыснуть
1309	3	1	стадия
1310	3	1	сталкиваться
1311	3	1	столица
1312	3	1	структура
1313	3	1	сухостой
1314	3	1	сфера
1315	3	1	сходный
1316	3	1	съемка
1317	3	1	т
1318	3	1	таджик
1319	3	1	таксист
1320	3	1	татарский
1321	3	1	телевидение
1322	3	1	темный
1323	3	1	толпа
1324	3	1	традиция
1325	3	1	третник
1326	3	1	тринадцать
1327	3	1	турция
1328	3	1	тута
1329	3	1	тянуть
1330	3	1	убить
1331	3	1	увезти
1332	3	1	угроза
1333	3	1	укладывать
1334	3	1	уметь
1335	3	1	университет
1336	3	1	упасть
1337	3	1	усердие
1338	3	1	условие
1339	3	1	уходить
1340	3	1	факт
1341	3	1	федерация
1342	3	1	фильм
1343	3	1	финский
1344	3	1	фраза
1345	3	1	фронт
1346	3	1	хе
1347	3	1	хлеб
1348	3	1	хозяйство
1349	3	1	холодный
1350	3	1	ценить
1351	3	1	центральный
1352	3	1	чей
1353	3	1	человечество
1354	3	1	чемпионат
1355	3	1	чистый
1356	3	1	чувствовать
1357	3	1	шевчук
1358	3	1	шестой
1359	3	1	школьник
1360	3	1	шоб
1361	3	1	шутка
1362	3	1	ще
1363	3	1	экологический
1364	3	1	являться
1365	3	1	ясно
1366	3	1	ящик
1367	2	1	автономный
1368	2	1	автор
1369	2	1	агроном
1370	2	1	агрономия
1371	2	1	адонис
1372	2	1	азербайджанец
1373	2	1	азербайджански
1374	2	1	азия
1375	2	1	алейкум
1376	2	1	александр
1377	2	1	александровна
1378	2	1	алексеевич
1379	2	1	алексей
1380	2	1	альбицкий
1381	2	1	амбар
1382	2	1	анатольевич
1383	2	1	ангарск
1384	2	1	андрюшка
1385	2	1	антонина
1386	2	1	апплодисменты
1387	2	1	араб
1388	2	1	археология
1389	2	1	ассистент
1390	2	1	ассоциироваться
1391	2	1	аха
1392	2	1	бабуля
1393	2	1	банальный
1394	2	1	баннерный
1395	2	1	бас
1396	2	1	батько
1397	2	1	бедный
1398	2	1	безусловно
1399	2	1	беларусь
1400	2	1	белоруссия
1401	2	1	берег
1402	2	1	бес
1403	2	1	бесконечный
1404	2	1	беспокоиться
1405	2	1	бессоновский
1406	2	1	биться
1407	2	1	бледный
1408	2	1	близкий
1409	2	1	близко
1410	2	1	боец
1411	2	1	божий
1412	2	1	бой
1413	2	1	болгария
1414	2	1	болото
1415	2	1	болтать
1416	2	1	бомба
1417	2	1	бородатый
1418	2	1	ботинок
1419	2	1	браться
1420	2	1	бригада
1421	2	1	будущий
1422	2	1	буква
1423	2	1	бухарка
1424	2	1	бык
1425	2	1	валяться
1426	2	1	вариант
1427	2	1	варить
1428	2	1	васильюшка
1429	2	1	вводить
1430	2	1	ввязаться
1431	2	1	вдвоем
1432	2	1	вдоль
1433	2	1	вдохновение
1434	2	1	великий
1435	2	1	верно
1436	2	1	верх
1437	2	1	весна
1438	2	1	ветеран
1439	2	1	вздыхает
1440	2	1	взяточничество
1441	2	1	взяться
1442	2	1	видать
1443	2	1	вино
1444	2	1	виноватый
1445	2	1	владикавказ
1446	2	1	владимировна
1447	2	1	вместо
1448	2	1	внешний
1449	2	1	внимательно
1450	2	1	водиться
1451	2	1	водичка
1452	2	1	военный
1453	2	1	возвращаться
1454	2	1	воздух
1455	2	1	возле
1456	2	1	возникнуть
1457	2	1	возничий
1458	2	1	волга
1459	2	1	волк
1460	2	1	вопще
1461	2	1	восвояси
1462	2	1	воспитанник
1463	2	1	вперед
1464	2	1	вплодать
1465	2	1	врать
1466	2	1	врач
1467	2	1	временный
1468	2	1	вряд
1469	2	1	вселенная
1470	2	1	вспоминать
1471	2	1	встретить
1472	2	1	встреча
1473	2	1	вторых
1474	2	1	вход
1475	2	1	выглядеть
1476	2	1	выгодный
1477	2	1	выдавать
1478	2	1	выдать
1479	2	1	выдрать
1480	2	1	вызвать
1481	2	1	вылететь
1482	2	1	выпить
1483	2	1	выпускать
1484	2	1	вырасти
1485	2	1	выскочить
1486	2	1	вытащить
1487	2	1	вытянуть
1488	2	1	гагарин
1489	2	1	гадкий
1490	2	1	гвардия
1491	2	1	георгиевич
1492	2	1	геракл
1493	2	1	глазоньки
1494	2	1	глубоко
1495	2	1	глупость
1496	2	1	глупый
1497	2	1	глядеть
1498	2	1	глянуть
1499	2	1	голодный
1500	2	1	гораздо
1501	2	1	государственный
1502	2	1	гражданин
1503	2	1	график
1504	2	1	грубо
1505	2	1	грязный
1506	2	1	гусь
1507	2	1	д
1508	2	1	далекий
1509	2	1	дальнейший
1510	2	1	дача
1511	2	1	двенадцатый
1512	2	1	двое
1513	2	1	девица
1514	2	1	девчонка
1515	2	1	действие
1516	2	1	денежный
1517	2	1	держаться
1518	2	1	десяток
1519	2	1	десятый
1520	2	1	деталь
1521	2	1	джахиль
1522	2	1	дзынь
1523	2	1	дивиться
1524	2	1	дискотека
1525	2	1	длиться
1526	2	1	добыча
1527	2	1	доделывать
1528	2	1	доктор
1529	2	1	долматов
1530	2	1	домик
1531	2	1	дополнительный
1532	2	1	дорогова
1533	2	1	достаться
1534	2	1	достойно
1535	2	1	достойный
1536	2	1	доступ
1537	2	1	доувлажнять
1538	2	1	дробь
1539	2	1	дрова
1540	2	1	дух
1541	2	1	еда
1542	2	1	ельцин
1543	2	1	еп
1544	2	1	жалованье
1545	2	1	желтенький
1546	2	1	животное
1547	2	1	жилой
1548	2	1	жириновский
1549	2	1	житься
1550	2	1	жнейка
1551	2	1	забирать
1552	2	1	забыть
1553	2	1	заварка
1554	2	1	зависеть
1555	2	1	завязать
1556	2	1	заговариваться
1557	2	1	заготовить
1558	2	1	задаться
1559	2	1	задержать
1560	2	1	заехать
1561	2	1	заменять
1562	2	1	замок
1563	2	1	занести
1564	2	1	занимать
1565	2	1	запаривать
1566	2	1	записывать
1567	2	1	заплатить
1568	2	1	заправка
1569	2	1	заработать
1570	2	1	заработок
1571	2	1	заранее
1572	2	1	засев
1573	2	1	заслуга
1574	2	1	зачастую
1575	2	1	зверь
1576	2	1	звонок
1577	2	1	здорово
1578	2	1	землянка
1579	2	1	зимний
1580	2	1	знание
1581	2	1	зубной
1582	2	1	игорь
1583	2	1	изменение
1584	2	1	имя
1585	2	1	инглина
1586	2	1	инструмент
1587	2	1	интеллект
1588	2	1	интерес
1589	2	1	информация
1590	2	1	иркутск
1591	2	1	исключать
1592	2	1	ислам
1593	2	1	итоговый
1594	2	1	кабинет
1595	2	1	кайф
1596	2	1	кампания
1597	2	1	капуцин
1598	2	1	карачаевский
1599	2	1	картошка
1600	2	1	касаться
1601	2	1	катя
1602	2	1	кацавейка
1603	2	1	квалификация
1604	2	1	квн
1605	2	1	кидаться
1606	2	1	кизяк
1607	2	1	кило
1608	2	1	килограмм
1609	2	1	кино
1610	2	1	клан
1611	2	1	класть
1612	2	1	клуб
1613	2	1	колодец
1614	2	1	комик
1615	2	1	коммунист
1616	2	1	комплекс
1617	2	1	константин
1618	2	1	конь
1619	2	1	коренной
1620	2	1	корень
1621	2	1	кормоцех
1622	2	1	косить
1623	2	1	костюм
1624	2	1	кот
1625	2	1	котомочек
1626	2	1	крайний
1627	2	1	крепкий
1628	2	1	крестик
1629	2	1	крик
1630	2	1	критик
1631	2	1	крыша
1632	2	1	куковать
1633	2	1	кукуруза
1634	2	1	курица
1635	2	1	куча
1636	2	1	лампа
1637	2	1	лапоток
1638	2	1	лаять
1639	2	1	легендарный
1640	2	1	лепиться
1641	2	1	летучий
1642	2	1	лечь
1643	2	1	линия
1644	2	1	литературный
1645	2	1	лихорадка
1646	2	1	лишек
1647	2	1	лишить
1648	2	1	лишний
1649	2	1	ложить
1650	2	1	ложка
1651	2	1	лопата
1652	2	1	лось
1653	2	1	люберцы
1654	2	1	любовь
1655	2	1	ля
1656	2	1	майор
1657	2	1	максим
1658	2	1	маланьюшка
1659	2	1	мальчик
1660	2	1	мамин
1661	2	1	март
1662	2	1	маршаллах
1663	2	1	массовый
1664	2	1	мастерская
1665	2	1	математический
1666	2	1	махачкала
1667	2	1	мгу
1668	2	1	медицина
1669	2	1	мелкий
1670	2	1	меньший
1671	2	1	местечко
1672	2	1	металл
1673	2	1	мечеть
1674	2	1	минута
1675	2	1	михал
1676	2	1	мнение
1677	2	1	молодец
1678	2	1	морально
1679	2	1	морозить
1680	2	1	мука
1681	2	1	муромский
1682	2	1	мусульманин
1683	2	1	мыслить
1684	2	1	мышиный
1685	2	1	мышь
1686	2	1	мэр
1687	2	1	навестить
1688	2	1	над
1689	2	1	наделать
1690	2	1	надеяться
1691	2	1	надобность
1692	2	1	накрик
1693	2	1	намаз
1694	2	1	нанимать
1695	2	1	направить
1696	2	1	напустить
1697	2	1	народный
1698	2	1	наряжаться
1699	2	1	наряживаться
1700	2	1	настроение
1701	2	1	натаскать
1702	2	1	натура
1703	2	1	натюрморт
1704	2	1	натянуть
1705	2	1	научить
1706	2	1	научно
1707	2	1	начальник
1708	2	1	небо
1709	2	1	невеликий
1710	2	1	невеста
1711	2	1	недавно
1712	2	1	незнайка
1713	2	1	некрашово
1714	2	1	неладный
1715	2	1	немытый
1716	2	1	непривычный
1717	2	1	нерентабельный
1718	2	1	несмотря
1719	2	1	неудобный
1720	2	1	неурожайный
1721	2	1	никчемность
1722	2	1	ноль
1723	2	1	номер
1724	2	1	оба
1725	2	1	обедать
1726	2	1	обучение
1727	2	1	общество
1728	2	1	общительный
1729	2	1	объем
1730	2	1	обычный
1731	2	1	овца
1732	2	1	огородить
1733	2	1	ограничение
1734	2	1	одинаковый
1735	2	1	ожидать
1736	2	1	озеро
1737	2	1	оказываться
1738	2	1	окончить
1739	2	1	окрестность
1740	2	1	окружающие
1741	2	1	оой
1742	2	1	ооо
1743	2	1	опасность
1744	2	1	опека
1745	2	1	оплатить
1746	2	1	оправа
1747	2	1	определение
1748	2	1	определять
1749	2	1	организм
1750	2	1	организовывать
1751	2	1	освободить
1752	2	1	осетия
1753	2	1	особенность
1754	2	1	остановка
1755	2	1	отвести
1756	2	1	ответить
1757	2	1	отдел
1758	2	1	отдельный
1759	2	1	откровенно
1760	2	1	открытость
1761	2	1	отличный
1762	2	1	отметить
1763	2	1	отмечать
1764	2	1	отправить
1765	2	1	отпустить
1766	2	1	отрабатывать
1767	2	1	отступать
1768	2	1	отчество
1769	2	1	оч
1770	2	1	п
1771	2	1	памятник
1772	2	1	память
1773	2	1	пандемия
1774	2	1	папка
1775	2	1	парамоныч
1776	2	1	парана
1777	2	1	пари
1778	2	1	паром
1779	2	1	партизан
1780	2	1	партизанский
1781	2	1	патов
1782	2	1	пауза
1783	2	1	паша
1784	2	1	пашня
1785	2	1	пена
1786	2	1	перебирать
1787	2	1	переезжать
1788	2	1	переправа
1789	2	1	пермь
1790	2	1	петербург
1791	2	1	пехота
1792	2	1	питание
1793	2	1	питаться
1794	2	1	питер
1795	2	1	плавать
1796	2	1	планировать
1797	2	1	пластиковый
1798	2	1	племянник
1799	2	1	плен
1800	2	1	плуг
1801	2	1	плюнуть
1802	2	1	плюс
1803	2	1	побежать
1804	2	1	поболтать
1805	2	1	повторяться
1806	2	1	погибнуть
1807	2	1	подать
1808	2	1	поддержать
1809	2	1	поди
1810	2	1	подлупливать
1811	2	1	подниматься
1812	2	1	подобрать
1813	2	1	подранок
1814	2	1	позиция
1815	2	1	познакомиться
1816	2	1	позорить
1817	2	1	поискать
1818	2	1	полгода
1819	2	1	полезный
1820	2	1	полиомиелит
1821	2	1	полтора
1822	2	1	пользоваться
1823	2	1	помидор
1824	2	1	помириться
1825	2	1	помощь
1826	2	1	попадать
1827	2	1	попытка
1828	2	1	поросенок
1829	2	1	поросеночек
1830	2	1	поругаться
1831	2	1	поручень
1832	2	1	посещать
1833	2	1	построить
1834	2	1	поступать
1835	2	1	посуда
1836	2	1	потеря
1837	2	1	потерять
1838	2	1	потихонечку
1839	2	1	поход
1840	2	1	похоронный
1841	2	1	почистить
1842	2	1	почитать
1843	2	1	появляться
1844	2	1	право
1845	2	1	правоохранительный
1846	2	1	преграда
1847	2	1	предложение
1848	2	1	предложить
1849	2	1	предок
1850	2	1	председатель
1851	2	1	представитель
1852	2	1	предупреждать
1853	2	1	прерогатива
1854	2	1	прибирать
1855	2	1	прибыть
1856	2	1	прививка
1857	2	1	привозить
1858	2	1	привычный
1859	2	1	приглашать
1860	2	1	приготовить
1861	2	1	прикормка
1862	2	1	прилететь
1863	2	1	примерно
1864	2	1	принадлежать
1865	2	1	приносить
1866	2	1	приставать
1867	2	1	приятель
1868	2	1	проводиться
1869	2	1	продолжать
1870	2	1	проживать
1871	2	1	прокопенко
1872	2	1	пространство
1873	2	1	протест
1874	2	1	профессия
1875	2	1	проходной
1876	2	1	проявляться
1877	2	1	пружина
1878	2	1	прыгать
1879	2	1	психика
1880	2	1	психологически
1881	2	1	психология
1882	2	1	психфак
1883	2	1	птицесовхоз
1884	2	1	путин
1885	2	1	пчеловод
1886	2	1	пятница
1887	2	1	работник
1888	2	1	радовать
1889	2	1	разбить
1890	2	1	разговор
1891	2	1	разгонять
1892	2	1	раздувать
1893	2	1	разместить
1894	2	1	разница
1895	2	1	разрезать
1896	2	1	разрешить
1897	2	1	разрывать
1898	2	1	разум
1899	2	1	разумность
1900	2	1	рассматривать
1901	2	1	рассчитывать
1902	2	1	рацион
1903	2	1	рвать
1904	2	1	ребятишки
1905	2	1	ревность
1906	2	1	регион
1907	2	1	рейтинг
1908	2	1	река
1909	2	1	рекламный
1910	2	1	рекомендовать
1911	2	1	рекреационный
1912	2	1	религия
1913	2	1	реставрация
1914	2	1	решать
1915	2	1	рожь
1916	2	1	розыск
1917	2	1	роман
1918	2	1	румыния
1919	2	1	рус
1920	2	1	русски
1921	2	1	ручей
1922	2	1	садовать
1923	2	1	салам
1924	2	1	самолет
1925	2	1	самостоятельный
1926	2	1	сафоново
1927	2	1	свекор
1928	2	1	сверху
1929	2	1	светлый
1930	2	1	свист
1931	2	1	свободный
1932	2	1	сглазить
1933	2	1	сдать
1934	2	1	се
1935	2	1	северный
1936	2	1	сезон
1937	2	1	семьдесят
1938	2	1	сергеевна
1939	2	1	сердце
1940	2	1	сериал
1941	2	1	серьезно
1942	2	1	сказочка
1943	2	1	сквер
1944	2	1	скирдовать
1945	2	1	скотина
1946	2	1	славный
1947	2	1	сладкий
1948	2	1	снять
1949	2	1	собираться
1950	2	1	совершиться
1951	2	1	сой
1952	2	1	солнце
1953	2	1	сомнение
1954	2	1	сопружение
1955	2	1	сопряжение
1956	2	1	сороковой
1957	2	1	состав
1958	2	1	соцработник
1959	2	1	сочи
1960	2	1	соя
1961	2	1	спасти
1962	2	1	специалист
1963	2	1	спокойно
1964	2	1	спокойный
1965	2	1	способный
1966	2	1	способствовать
1967	2	1	среда
1968	2	1	средства
1969	2	1	средство
1970	2	1	сс
1971	2	1	стаж
1972	2	1	старинный
1973	2	1	старушка
1974	2	1	статья
1975	2	1	стекло
1976	2	1	степанида
1977	2	1	стесняться
1978	2	1	стечение
1979	2	1	стол
1980	2	1	страсть
1981	2	1	страшно
1982	2	1	страшный
1983	2	1	стрелять
1984	2	1	су
1985	2	1	суббота
1986	2	1	субханаллах
1987	2	1	судьба
1988	2	1	сундук
1989	2	1	супруг
1990	2	1	супруга
1991	2	1	сухой
1992	2	1	существо
1993	2	1	схоронить
1994	2	1	сыч
1995	2	1	та
1996	2	1	таковой
1997	2	1	такси
1998	2	1	тама
1999	2	1	танцевать
2000	2	1	таскать
2001	2	1	творить
2002	2	1	творог
2003	2	1	те
2004	2	1	текст
2005	2	1	телефон
2006	2	1	тело
2007	2	1	тема
2008	2	1	темно
2009	2	1	тесть
2010	2	1	течение
2011	2	1	тиф
2012	2	1	товарооборот
2013	2	1	толока
2014	2	1	толстовский
2015	2	1	тормоз
2016	2	1	тратить
2017	2	1	тренерский
2018	2	1	трогать
2019	2	1	трудный
2020	2	1	ту
2021	2	1	туалет
2022	2	1	тупо
2023	2	1	турист
2024	2	1	убегать
2025	2	1	убивать
2026	2	1	убийство
2027	2	1	увлажнение
2028	2	1	уделяться
2029	2	1	удобрение
2030	2	1	удобрить
2031	2	1	удостоверение
2032	2	1	уезжать
2033	2	1	ужасный
2034	2	1	ум
2035	2	1	уместный
2036	2	1	умирать
2037	2	1	умышленно
2038	2	1	упражнение
2039	2	1	урожай
2040	2	1	усвоить
2041	2	1	устраивать
2042	2	1	уу
2043	2	1	ууу
2044	2	1	уфа
2045	2	1	ухаживать
2046	2	1	ученик
2047	2	1	фазенда
2048	2	1	фаина
2049	2	1	фактически
2050	2	1	фальшивый
2051	2	1	физика
2052	2	1	физический
2053	2	1	фински
2054	2	1	фонд
2055	2	1	форма
2056	2	1	формулировка
2057	2	1	форум
2058	2	1	фотография
2059	2	1	хватить
2060	2	1	химия
2061	2	1	хлопец
2062	2	1	хозяин
2063	2	1	хранить
2064	2	1	цветочек
2065	2	1	цифра
2066	2	1	честно
2067	2	1	чеченец
2068	2	1	число
2069	2	1	чистить
2070	2	1	чо
2071	2	1	чувашия
2072	2	1	чувство
2073	2	1	чудесно
2074	2	1	чужой
2075	2	1	шабить
2076	2	1	шаг
2077	2	1	шаль
2078	2	1	шанс
2079	2	1	шар
2080	2	1	шашка
2081	2	1	школьница
2082	2	1	шото
2083	2	1	эволюция
2084	2	1	экономика
2085	2	1	экономист
2086	2	1	этак
2087	2	1	этакий
2088	2	1	этнография
2089	2	1	ювелир
2090	2	1	юлька
2091	2	1	юмор
2092	2	1	юношество
2093	2	1	юный
2094	2	1	юрист
2095	2	1	ягодка
2096	2	1	як
2097	2	1	який
2098	2	1	якобы
2099	1	1	agricultura
2100	1	1	calcário
2101	1	1	de
2102	1	1	precisão
2103	1	1	toefl
2104	1	1	underground
2105	1	1	youtube
2106	1	1	аааа
2107	1	1	ааам
2108	1	1	аах
2109	1	1	автобус
2110	1	1	автоворонка
2111	1	1	автостанция
2112	1	1	агентство
2113	1	1	агрикультура
2114	1	1	адреналин
2115	1	1	адресовать
2116	1	1	азбука
2117	1	1	азербайджан
2118	1	1	айлтс
2119	1	1	айти
2120	1	1	аккаунт
2121	1	1	актуальный
2122	1	1	акция
2123	1	1	алиса
2124	1	1	алчный
2125	1	1	ам
2126	1	1	ан
2127	1	1	аналитика
2128	1	1	анастасия
2129	1	1	ангарский
2130	1	1	ангел
2131	1	1	анекдот
2132	1	1	анкета
2133	1	1	антибиотик
2134	1	1	аоа
2135	1	1	аппарат
2136	1	1	аранжировка
2137	1	1	аргумент
2138	1	1	арсеньевна
2139	1	1	арт
2140	1	1	артистка
2141	1	1	архивный
2142	1	1	ассаламу
2143	1	1	аста
2144	1	1	астрономический
2145	1	1	ау
2146	1	1	аура
2147	1	1	афоризм
2148	1	1	ахнуть
2149	1	1	аэээ
2150	1	1	бабкин
2151	1	1	бабонька
2152	1	1	бабуся
2153	1	1	бабушкин
2154	1	1	байка
2155	1	1	бакалавриат
2156	1	1	баксан
2157	1	1	балакать
2158	1	1	балдеть
2159	1	1	бали
2160	1	1	балкарец
2161	1	1	балкон
2162	1	1	балл
2163	1	1	банально
2164	1	1	бараний
2165	1	1	барьер
2166	1	1	басан
2167	1	1	батьк
2168	1	1	баушка
2169	1	1	башкир
2170	1	1	башкирский
2171	1	1	башкортостан
2172	1	1	бежать
2173	1	1	безбоясый
2174	1	1	бездельник
2175	1	1	беззубый
2176	1	1	безногий
2177	1	1	белгород
2178	1	1	белиберда
2179	1	1	белок
2180	1	1	белье
2181	1	1	береза
2182	1	1	березка
2183	1	1	бесполезный
2184	1	1	беспощадный
2185	1	1	беспрецендентно
2186	1	1	беспрецендентный
2187	1	1	бессоновец
2188	1	1	библиотека
2189	1	1	бизнес
2190	1	1	бикбулатов
2191	1	1	биология
2192	1	1	благо
2193	1	1	благодарный
2194	1	1	благоприятный
2195	1	1	ближайший
2196	1	1	ближний
2197	1	1	блог
2198	1	1	блюдечко
2199	1	1	блять
2200	1	1	богатеть
2201	1	1	богородск
2202	1	1	бодрый
2203	1	1	боевой
2204	1	1	боже
2205	1	1	бок
2206	1	1	болезненно
2207	1	1	болочь
2208	1	1	болтаться
2209	1	1	больно
2210	1	1	больший
2211	1	1	большинство
2212	1	1	большущий
2213	1	1	бомбить
2214	1	1	бонус
2215	1	1	борис
2216	1	1	борковский
2217	1	1	борода
2218	1	1	босой
2219	1	1	боязный
2220	1	1	брак
2221	1	1	бракосочетание
2222	1	1	брелок
2223	1	1	бригадир
2224	1	1	бросить
2225	1	1	брюки
2226	1	1	бряночка
2227	1	1	буденновский
2228	1	1	буерак
2229	1	1	булавочка
2230	1	1	бумага
2231	1	1	бумажный
2232	1	1	бурак
2233	1	1	буран
2234	1	1	бурный
2235	1	1	буряток
2236	1	1	бухнуть
2237	1	1	буян
2238	1	1	бывший
2239	1	1	былое
2240	1	1	бытовой
2241	1	1	бычий
2242	1	1	вагон
2243	1	1	вай
2244	1	1	валентий
2245	1	1	валмир
2246	1	1	варвар
2247	1	1	васюковский
2248	1	1	вата
2249	1	1	ввп
2250	1	1	вгонять
2251	1	1	вдова
2252	1	1	вдохновляться
2253	1	1	великолепный
2254	1	1	велосипед
2255	1	1	веник
2256	1	1	веревка
2257	1	1	верстаться
2258	1	1	вертушка
2259	1	1	верховье
2260	1	1	верхом
2261	1	1	веселиться
2262	1	1	весенний
2263	1	1	вестись
2264	1	1	весть
2265	1	1	ветврач
2266	1	1	вечно
2267	1	1	вешать
2268	1	1	взвиться
2269	1	1	взрыть
2270	1	1	видеться
2271	1	1	видный
2272	1	1	визуализировать
2273	1	1	викторович
2274	1	1	вилка
2275	1	1	вина
2276	1	1	витька
2277	1	1	вихорь
2278	1	1	вкладывать
2279	1	1	вкратце
2280	1	1	вкусность
2281	1	1	вкусняцкий
2282	1	1	вкушать
2283	1	1	владеть
2284	1	1	влажность
2285	1	1	влить
2286	1	1	влюбленный
2287	1	1	вмешаться
2288	1	1	вмешиваться
2289	1	1	вниз
2290	1	1	внизу
2291	1	1	вникать
2292	1	1	вникнуть
2293	1	1	внимание
2294	1	1	вновь
2295	1	1	внучата
2296	1	1	внучок
2297	1	1	внучонок
2298	1	1	вовка
2299	1	1	вовнутрь
2300	1	1	воевать
2301	1	1	возможно
2302	1	1	возрастной
2303	1	1	вокзал
2304	1	1	волмир
2305	1	1	волна
2306	1	1	вологда
2307	1	1	вольный
2308	1	1	вона
2309	1	1	вонять
2310	1	1	воображение
2311	1	1	воровать
2312	1	1	воронеж
2313	1	1	воронежский
2314	1	1	воропанов
2315	1	1	ворохнуться
2316	1	1	восемнадцатилетний
2317	1	1	воспитать
2318	1	1	воспитывать
2319	1	1	воспользоваться
2320	1	1	воспринять
2321	1	1	восприятие
2322	1	1	воспрять
2323	1	1	восстановить
2324	1	1	восторг
2325	1	1	востребовать
2326	1	1	восьмидест
2327	1	1	восьмидесятый
2328	1	1	восьмисот
2329	1	1	вошкаться
2330	1	1	вошь
2331	1	1	впереди
2332	1	1	впитать
2333	1	1	впитывать
2334	1	1	вполовину
2335	1	1	врасплох
2336	1	1	вред
2337	1	1	времечко
2338	1	1	вручную
2339	1	1	всероссийский
2340	1	1	всесторонне
2341	1	1	всеядный
2342	1	1	всмотреться
2343	1	1	всполошиться
2344	1	1	вставить
2345	1	1	вставлять
2346	1	1	встречаться
2347	1	1	вступить
2348	1	1	всё
2349	1	1	втихолку
2350	1	1	вторник
2351	1	1	входить
2352	1	1	вхождение
2353	1	1	выбирать
2354	1	1	выбить
2355	1	1	выборы
2356	1	1	вывезти
2357	1	1	вывеска
2358	1	1	вывести
2359	1	1	вывод
2360	1	1	выводить
2361	1	1	выговориться
2362	1	1	выдержать
2363	1	1	выдернуть
2364	1	1	выдумать
2365	1	1	выдумывать
2366	1	1	выезжать
2367	1	1	выехать
2368	1	1	выжать
2369	1	1	вызывать
2370	1	1	выкинуть
2371	1	1	выламывать
2372	1	1	вылечить
2373	1	1	выливать
2374	1	1	вылить
2375	1	1	вымирать
2376	1	1	вынести
2377	1	1	выносить
2378	1	1	вынудить
2379	1	1	вынужденный
2380	1	1	вынять
2381	1	1	выпадать
2382	1	1	выпивать
2383	1	1	выпилить
2384	1	1	выполнять
2385	1	1	выпускник
2386	1	1	выпустить
2387	1	1	выпутаться
2388	1	1	выражение
2389	1	1	вырастить
2390	1	1	вырыть
2391	1	1	высеять
2392	1	1	высказать
2393	1	1	высказывание
2394	1	1	выслушать
2395	1	1	выслушивать
2396	1	1	высмотреть
2397	1	1	высокий
2398	1	1	высоко
2399	1	1	выставить
2400	1	1	выступление
2401	1	1	вытаскивать
2402	1	1	вытирать
2403	1	1	выход
2404	1	1	выходец
2405	1	1	вычислить
2406	1	1	вышине
2407	1	1	выяснить
2408	1	1	вязанка
2409	1	1	гад
2410	1	1	гаджи
2411	1	1	газ
2412	1	1	галина
2413	1	1	гангстерский
2414	1	1	гар
2415	1	1	гармонька
2416	1	1	гармошка
2417	1	1	гвоздь
2418	1	1	генеральный
2419	1	1	география
2420	1	1	германия
2421	1	1	гиря
2422	1	1	гитара
2423	1	1	гладкоствольный
2424	1	1	глазить
2425	1	1	глазища
2426	1	1	глотать
2427	1	1	глухонемой
2428	1	1	гнать
2429	1	1	гнев
2430	1	1	гнездышко
2431	1	1	гнилой
2432	1	1	гной
2433	1	1	годиться
2434	1	1	голландец
2435	1	1	голод
2436	1	1	голодать
2437	1	1	голочелово
2438	1	1	гонять
2439	1	1	гордиться
2440	1	1	гореть
2441	1	1	гореться
2442	1	1	горешенко
2443	1	1	горница
2444	1	1	городище
2445	1	1	горький
2446	1	1	готовность
2447	1	1	грабить
2448	1	1	грабли
2449	1	1	град
2450	1	1	граница
2451	1	1	грань
2452	1	1	гриб
2453	1	1	григорий
2454	1	1	гроб
2455	1	1	грузить
2456	1	1	группировка
2457	1	1	грядка
2458	1	1	губернатор
2459	1	1	гувд
2460	1	1	гузеев
2461	1	1	гулянати
2462	1	1	гумерович
2463	1	1	гуриев
2464	1	1	гусев
2465	1	1	гхм
2466	1	1	даваться
2467	1	1	давным
2468	1	1	дай
2469	1	1	далековато
2470	1	1	дарища
2471	1	1	даром
2472	1	1	двигательный
2473	1	1	двигаться
2474	1	1	движение
2475	1	1	двоичный
2476	1	1	девушка
2477	1	1	делиться
2478	1	1	демонизация
2479	1	1	дендрарий
2480	1	1	денис
2481	1	1	дербент
2482	1	1	державин
2483	1	1	дескать
2484	1	1	десятеро
2485	1	1	детенок
2486	1	1	детишки
2487	1	1	деть
2488	1	1	деться
2489	1	1	деятельный
2490	1	1	джи
2491	1	1	джин
2492	1	1	джинсы
2493	1	1	джума
2494	1	1	диджеить
2495	1	1	диковинный
2496	1	1	диплом
2497	1	1	дипломатический
2498	1	1	диссертация
2499	1	1	дите
2500	1	1	длинненький
2501	1	1	дм
2502	1	1	дмитров
2503	1	1	дмитровлаг
2504	1	1	добавить
2505	1	1	добавлять
2506	1	1	добивать
2507	1	1	добро
2508	1	1	добывать
2509	1	1	добыть
2510	1	1	доверие
2511	1	1	доводить
2512	1	1	довольный
2513	1	1	договориться
2514	1	1	доезжать
2515	1	1	доить
2516	1	1	доказывание
2517	1	1	докапываться
2518	1	1	докторский
2519	1	1	документ
2520	1	1	долбино
2521	1	1	долг
2522	1	1	долгополов
2523	1	1	долетать
2524	1	1	должный
2525	1	1	долотказина
2526	1	1	доморадов
2527	1	1	донести
2528	1	1	доносить
2529	1	1	донышко
2530	1	1	дорабатывать
2531	1	1	дороженька
2532	1	1	доснимать
2533	1	1	доставать
2534	1	1	достать
2535	1	1	достижение
2536	1	1	доступно
2537	1	1	достучаться
2538	1	1	доувлажнить
2539	1	1	дофига
2540	1	1	доходчивый
2541	1	1	дохуя
2542	1	1	дразнить
2543	1	1	драться
2544	1	1	дремучий
2545	1	1	дровишки
2546	1	1	дружба
2547	1	1	дружественный
2548	1	1	дсп
2549	1	1	дуже
2550	1	1	думка
2551	1	1	дурной
2552	1	1	дуть
2553	1	1	духовницкий
2554	1	1	дь
2555	1	1	дэ
2556	1	1	дябдина
2557	1	1	дядя
2558	1	1	ев
2559	1	1	евросоюз
2560	1	1	евстахьич
2561	1	1	единый
2562	1	1	еженедельный
2563	1	1	езда
2564	1	1	екатерина
2565	1	1	ель
2566	1	1	ендалаа
2567	1	1	естественный
2568	1	1	ефимыч
2569	1	1	жалеть
2570	1	1	жалко
2571	1	1	жаловаться
2572	1	1	жареный
2573	1	1	жевский
2574	1	1	желанный
2575	1	1	желать
2576	1	1	железный
2577	1	1	желудок
2578	1	1	женитьба
2579	1	1	жениться
2580	1	1	женка
2581	1	1	жертва
2582	1	1	жесткий
2583	1	1	жестокий
2584	1	1	жилец
2585	1	1	жир
2586	1	1	жопа
2587	1	1	жрать
2588	1	1	з
2589	1	1	забайкальский
2590	1	1	забить
2591	1	1	заблудиться
2592	1	1	заболеваемость
2593	1	1	заболеть
2594	1	1	заборье
2595	1	1	заборья
2596	1	1	заботиться
2597	1	1	забросить
2598	1	1	завершение
2599	1	1	завесить
2600	1	1	зависать
2601	1	1	заводить
2602	1	1	завоевывать
2603	1	1	завязывать
2604	1	1	загар
2605	1	1	заглянуть
2606	1	1	заговор
2607	1	1	загоняться
2608	1	1	загорать
2609	1	1	загореть
2610	1	1	заготовка
2611	1	1	заготовлять
2612	1	1	зад
2613	1	1	задевать
2614	1	1	задний
2615	1	1	задник
2616	1	1	задремать
2617	1	1	задуматься
2618	1	1	зажить
2619	1	1	заиграть
2620	1	1	заика
2621	1	1	заикаться
2622	1	1	заканчивать
2623	1	1	закармливать
2624	1	1	закидывать
2625	1	1	закинуть
2626	1	1	закладывать
2627	1	1	заключенный
2628	1	1	законный
2629	1	1	законодательство
2630	1	1	законсервировать
2631	1	1	закопнить
2632	1	1	закрытый
2633	1	1	закрыть
2634	1	1	закрыться
2635	1	1	закусить
2636	1	1	закуска
2637	1	1	залежье
2638	1	1	залезать
2639	1	1	заливать
2640	1	1	заложить
2641	1	1	зам
2642	1	1	заменить
2643	1	1	замерзнуть
2644	1	1	заметить
2645	1	1	заметка
2646	1	1	замечательный
2647	1	1	замечать
2648	1	1	замешанный
2649	1	1	замещение
2650	1	1	замирать
2651	1	1	замужем
2652	1	1	занавеска
2653	1	1	западный
2654	1	1	записать
2655	1	1	заповедник
2656	1	1	заполнить
2657	1	1	заправлять
2658	1	1	запретить
2659	1	1	запрягать
2660	1	1	зарабатывание
2661	1	1	зараза
2662	1	1	зараньше
2663	1	1	зарасти
2664	1	1	зарегистрировать
2665	1	1	зарезать
2666	1	1	засадить
2667	1	1	заскирдовать
2668	1	1	заслона
2669	1	1	заставлять
2670	1	1	заставляться
2671	1	1	застаиваться
2672	1	1	застать
2673	1	1	затапливаться
2674	1	1	затопить
2675	1	1	заторнуть
2676	1	1	затрата
2677	1	1	затратить
2678	1	1	затруднить
2679	1	1	заузить
2680	1	1	захватить
2681	1	1	захет
2682	1	1	защитить
2683	1	1	защититься
2684	1	1	защищать
2685	1	1	заявка
2686	1	1	заяц
2687	1	1	звезда
2688	1	1	звучный
2689	1	1	зд
2690	1	1	здравие
2691	1	1	зеленый
2692	1	1	земляк
2693	1	1	земфира
2694	1	1	зерновые
2695	1	1	злой
2696	1	1	знак
2697	1	1	знакомиться
2698	1	1	значимый
2699	1	1	значительный
2700	1	1	золотой
2701	1	1	зона
2702	1	1	зосимовский
2703	1	1	зрение
2704	1	1	зритель
2705	1	1	зять
2706	1	1	иванович
2707	1	1	ивэнт
2708	1	1	игимново
2709	1	1	идеально
2710	1	1	идеальный
2711	1	1	избить
2712	1	1	избушка
2713	1	1	извечный
2714	1	1	извиняться
2715	1	1	извне
2716	1	1	издалека
2717	1	1	изнасиловать
2718	1	1	изначально
2719	1	1	изо
2720	1	1	изучаться
2721	1	1	изучение
2722	1	1	изъесть
2723	1	1	изъялово
2724	1	1	изъять
2725	1	1	иии
2726	1	1	икона
2727	1	1	илларион
2728	1	1	ильин
2729	1	1	илья
2730	1	1	имеретинка
2731	1	1	импровизационный
2732	1	1	иначе
2733	1	1	инвалид
2734	1	1	инвентаризация
2735	1	1	ингуш
2736	1	1	индентификация
2737	1	1	индивидуальный
2738	1	1	иностранный
2739	1	1	инспектор
2740	1	1	институтский
2741	1	1	интересовать
2742	1	1	интересоваться
2743	1	1	интернационалист
2744	1	1	интимный
2745	1	1	инфраструктурный
2746	1	1	иншаллах
2747	1	1	иркутский
2748	1	1	искренне
2749	1	1	искусственный
2750	1	1	испечь
2751	1	1	исполнять
2752	1	1	испортиться
2753	1	1	исследователь
2754	1	1	историк
2755	1	1	источник
2756	1	1	итак
2757	1	1	итальянски
2758	1	1	итог
2759	1	1	кабан
2760	1	1	кабардинец
2761	1	1	кадило
2762	1	1	кадр
2763	1	1	казино
2764	1	1	кайфовый
2765	1	1	калитка
2766	1	1	калкарио
2767	1	1	кандидат
2768	1	1	каникулы
2769	1	1	капец
2770	1	1	капитальный
2771	1	1	капля
2772	1	1	караван
2773	1	1	карачаевец
2774	1	1	карачаево
2775	1	1	кардинальный
2776	1	1	карим
2777	1	1	карликовый
2778	1	1	картоха
2779	1	1	карцовка
2780	1	1	катастрофически
2781	1	1	катастрофичный
2782	1	1	кататься
2783	1	1	катушка
2784	1	1	качели
2785	1	1	качественно
2786	1	1	кашляет
2787	1	1	кашлянул
2788	1	1	квнщик
2789	1	1	кедр
2790	1	1	кепка
2791	1	1	кивнуть
2792	1	1	кидальщик
2793	1	1	киев
2794	1	1	кинолог
2795	1	1	кинологический
2796	1	1	киношный
2797	1	1	кипучий
2798	1	1	кисточка
2799	1	1	кл
2800	1	1	кладбища
2801	1	1	кладовка
2802	1	1	классный
2803	1	1	клещ
2804	1	1	кликать
2805	1	1	клиника
2806	1	1	клок
2807	1	1	клоп
2808	1	1	ключ
2809	1	1	ключищи
2810	1	1	клясться
2811	1	1	книжный
2812	1	1	кобель
2813	1	1	ковш
2814	1	1	коза
2815	1	1	козырек
2816	1	1	козьма
2817	1	1	козявочка
2818	1	1	коклюшечка
2819	1	1	колбаска
2820	1	1	коллектив
2821	1	1	коллективизация
2822	1	1	колонхоэ
2823	1	1	колоссальный
2824	1	1	колотить
2825	1	1	колхозный
2826	1	1	колька
2827	1	1	кольцо
2828	1	1	коля
2829	1	1	командировка
2830	1	1	комарье
2831	1	1	комиссар
2832	1	1	коммуницировать
2833	1	1	коморить
2834	1	1	комп
2835	1	1	комплектация
2836	1	1	комплектование
2837	1	1	комфортный
2838	1	1	конкретно
2839	1	1	конкурент
2840	1	1	конкурентный
2841	1	1	конструктивный
2842	1	1	конструкция
2843	1	1	контрмера
2844	1	1	концерт
2845	1	1	кончаться
2846	1	1	конченый
2847	1	1	кончиться
2848	1	1	корзина
2849	1	1	корзун
2850	1	1	корм
2851	1	1	коробок
2852	1	1	коробочек
2853	1	1	корпоративность
2854	1	1	корпорация
2855	1	1	корреляция
2856	1	1	коррупция
2857	1	1	корыто
2858	1	1	костерить
2859	1	1	костлявый
2860	1	1	костылев
2861	1	1	кость
2862	1	1	котель
2863	1	1	котор
2864	1	1	кофе
2865	1	1	кошачий
2866	1	1	кошка
2867	1	1	кошмарный
2868	1	1	край
2869	1	1	крантик
2870	1	1	красавный
2871	1	1	красиво
2872	1	1	красить
2873	1	1	краситься
2874	1	1	краска
2875	1	1	краснеть
2876	1	1	краснодон
2877	1	1	красота
2878	1	1	краткосрочный
2879	1	1	кремлевский
2880	1	1	кремль
2881	1	1	крепко
2882	1	1	крестьянка
2883	1	1	крестьянский
2884	1	1	кровать
2885	1	1	крошить
2886	1	1	кружок
2887	1	1	круп
2888	1	1	крупина
2889	1	1	крупинка
2890	1	1	крупица
2891	1	1	крупный
2892	1	1	крутой
2893	1	1	крче
2894	1	1	крюк
2895	1	1	крючищи
2896	1	1	кудрин
2897	1	1	кузнецкий
2898	1	1	кузница
2899	1	1	кукушка
2900	1	1	кулюб
2901	1	1	купаться
2902	1	1	куратинский
2903	1	1	курировать
2904	1	1	курить
2905	1	1	куропатка
2906	1	1	куртка
2907	1	1	кусок
2908	1	1	куст
2909	1	1	кутя
2910	1	1	лабораторий
2911	1	1	лаборатория
2912	1	1	лавочка
2913	1	1	лагерь
2914	1	1	лазать
2915	1	1	лазить
2916	1	1	латвийский
2917	1	1	латвия
2918	1	1	левинка
2919	1	1	левшино
2920	1	1	легенда
2921	1	1	легко
2922	1	1	легковой
2923	1	1	лекарство
2924	1	1	лекция
2925	1	1	лениногорск
2926	1	1	ленинский
2927	1	1	лениться
2928	1	1	лепить
2929	1	1	лестница
2930	1	1	летний
2931	1	1	леша
2932	1	1	лешка
2933	1	1	линейный
2934	1	1	липа
2935	1	1	лист
2936	1	1	листок
2937	1	1	листочек
2938	1	1	литва
2939	1	1	литературно
2940	1	1	литровый
2941	1	1	лифт
2942	1	1	личный
2943	1	1	лишать
2944	1	1	лишь
2945	1	1	ло
2946	1	1	лобовой
2947	1	1	ловкий
2948	1	1	ложиться
2949	1	1	лозунг
2950	1	1	лоскотать
2951	1	1	луганск
2952	1	1	лугинов
2953	1	1	лукашенко
2954	1	1	лукьянова
2955	1	1	лучший
2956	1	1	лыва
2957	1	1	лысов
2958	1	1	ль
2959	1	1	льгота
2960	1	1	лю
2961	1	1	люба
2962	1	1	любе
2963	1	1	любому
2964	1	1	люксембург
2965	1	1	ляхостный
2966	1	1	мага
2967	1	1	магия
2968	1	1	мажор
2969	1	1	мазать
2970	1	1	макака
2971	1	1	максимум
2972	1	1	маланьин
2973	1	1	маломощненький
2974	1	1	малый
2975	1	1	мальчишка
2976	1	1	мамаша
2977	1	1	мангал
2978	1	1	маникюрщица
2979	1	1	маньяк
2980	1	1	маня
2981	1	1	марина
2982	1	1	маркетинг
2983	1	1	маршалл
2984	1	1	марянян
2985	1	1	маска
2986	1	1	маслаков
2987	1	1	маслице
2988	1	1	маслуков
2989	1	1	массив
2990	1	1	мастер
2991	1	1	мастерка
2992	1	1	масштабный
2993	1	1	материнство
2994	1	1	матерок
2995	1	1	матушечек
2996	1	1	матушок
2997	1	1	мачеха
2998	1	1	мгиллиграмм
2999	1	1	мега
3000	1	1	мегазвезда
3001	1	1	мед
3002	1	1	медведев
3003	1	1	медведь
3004	1	1	медный
3005	1	1	медцентр
3006	1	1	мейнстрим
3007	1	1	мелочный
3008	1	1	мельниченко
3009	1	1	меньшой
3010	1	1	мерзлота
3011	1	1	мерка
3012	1	1	мерять
3013	1	1	местник
3014	1	1	месячный
3015	1	1	методика
3016	1	1	методичка
3017	1	1	мечтать
3018	1	1	мешок
3019	1	1	микрофон
3020	1	1	милиция
3021	1	1	милок
3022	1	1	милый
3023	1	1	мирный
3024	1	1	мировой
3025	1	1	мичурино
3026	1	1	младенец
3027	1	1	множество
3028	1	1	модный
3029	1	1	мож
3030	1	1	мозговой
3031	1	1	мокасина
3032	1	1	молоденький
3033	1	1	молодочка
3034	1	1	молодяшка
3035	1	1	молочный
3036	1	1	монтаж
3037	1	1	моральный
3038	1	1	морда
3039	1	1	мордочка
3040	1	1	море
3041	1	1	моречка
3042	1	1	морковь
3043	1	1	мороз
3044	1	1	морозка
3045	1	1	морозов
3046	1	1	морочачить
3047	1	1	москвич
3048	1	1	московский
3049	1	1	мочалка
3050	1	1	мощный
3051	1	1	мстера
3052	1	1	мужиков
3053	1	1	мужской
3054	1	1	мурал
3055	1	1	мурзабулатов
3056	1	1	мустаян
3057	1	1	мутный
3058	1	1	мчать
3059	1	1	мыло
3060	1	1	мэрфи
3061	1	1	мясников
3062	1	1	н
3063	1	1	набережная
3064	1	1	наблюдать
3065	1	1	набухать
3066	1	1	набухнуть
3067	1	1	наверху
3068	1	1	навет
3069	1	1	навивать
3070	1	1	наводнение
3071	1	1	навредить
3072	1	1	навряд
3073	1	1	навязать
3074	1	1	наглядеться
3075	1	1	наговаривать
3076	1	1	надежда
3077	1	1	надобно
3078	1	1	надобный
3079	1	1	надя
3080	1	1	названье
3081	1	1	назначить
3082	1	1	назревать
3083	1	1	накануне
3084	1	1	накидывать
3085	1	1	накинуть
3086	1	1	накласть
3087	1	1	накопить
3088	1	1	накопиться
3089	1	1	накосить
3090	1	1	накутать
3091	1	1	накушаться
3092	1	1	наличие
3093	1	1	наморочачить
3094	1	1	намыться
3095	1	1	нанесение
3096	1	1	наоборот
3097	1	1	напомнить
3098	1	1	направлять
3099	1	1	напротив
3100	1	1	напрядин
3101	1	1	напугать
3102	1	1	наравне
3103	1	1	наседка
3104	1	1	насидеться
3105	1	1	насквозь
3106	1	1	наскоко
3107	1	1	наследник
3108	1	1	наставник
3109	1	1	настать
3110	1	1	настороженно
3111	1	1	настоятельно
3112	1	1	настоять
3113	1	1	наступать
3114	1	1	наступление
3115	1	1	насчитываться
3116	1	1	натаха
3117	1	1	натопить
3118	1	1	натэла
3119	1	1	наулиться
3120	1	1	наушники
3121	1	1	находить
3122	1	1	национализм
3123	1	1	национальность
3124	1	1	начальный
3125	1	1	начертить
3126	1	1	неа
3127	1	1	небольшой
3128	1	1	небось
3129	1	1	нево
3130	1	1	невозможно
3131	1	1	невозможность
3132	1	1	невольно
3133	1	1	негде
3134	1	1	негр
3135	1	1	недалек
3136	1	1	недалеко
3137	1	1	недетский
3138	1	1	недоверие
3139	1	1	недолго
3140	1	1	нежели
3141	1	1	незаметный
3142	1	1	незамужний
3143	1	1	нездоровый
3144	1	1	неизвестный
3145	1	1	нейм
3146	1	1	некого
3147	1	1	некуда
3148	1	1	неладно
3149	1	1	нелегко
3150	1	1	немалый
3151	1	1	немецки
3152	1	1	немецкий
3153	1	1	немного
3154	1	1	немой
3155	1	1	немужчина
3156	1	1	ненавидеть
3157	1	1	ненастье
3158	1	1	ненормальный
3159	1	1	ненужный
3160	1	1	необходимый
3161	1	1	необязательный
3162	1	1	неокрепший
3163	1	1	неосознанно
3164	1	1	неплохо
3165	1	1	неподалеку
3166	1	1	неподражаемый
3167	1	1	непоздоровиться
3168	1	1	непонятный
3169	1	1	непослушный
3170	1	1	неправда
3171	1	1	неприятность
3172	1	1	нерв
3173	1	1	несовершеннолетний
3174	1	1	неспокойствие
3175	1	1	нести
3176	1	1	нетеля
3177	1	1	неужели
3178	1	1	неустанный
3179	1	1	нехороший
3180	1	1	нечаев
3181	1	1	нечто
3182	1	1	нива
3183	1	1	низкий
3184	1	1	никак
3185	1	1	никалы
3186	1	1	никиша
3187	1	1	никола
3188	1	1	николаевич
3189	1	1	николи
3190	1	1	никонова
3191	1	1	нн
3192	1	1	новгород
3193	1	1	нововведение
3194	1	1	ногий
3195	1	1	ноготочек
3196	1	1	ноготь
3197	1	1	ножка
3198	1	1	нон
3199	1	1	норвегия
3200	1	1	норовить
3201	1	1	ностальгировать
3202	1	1	нота
3203	1	1	нотный
3204	1	1	ночевать
3205	1	1	ноченька
3206	1	1	нуждаться
3207	1	1	нургалиевич
3208	1	1	ныне
3209	1	1	нынче
3210	1	1	нюхать
3211	1	1	оббежать
3212	1	1	обвисать
3213	1	1	обезжирить
3214	1	1	обезьяна
3215	1	1	обеспечить
3216	1	1	обжить
3217	1	1	обидный
3218	1	1	облизываться
3219	1	1	обмануть
3220	1	1	обнимать
3221	1	1	обнинск
3222	1	1	обоа
3223	1	1	обогнать
3224	1	1	обойти
3225	1	1	оборвать
3226	1	1	оборонить
3227	1	1	обр
3228	1	1	образец
3229	1	1	образованный
3230	1	1	образовательный
3231	1	1	образовываться
3232	1	1	обратиться
3233	1	1	обрести
3234	1	1	обсудить
3235	1	1	обсчитывать
3236	1	1	обустроить
3237	1	1	обшарить
3238	1	1	общежитие
3239	1	1	общей
3240	1	1	общение
3241	1	1	общеобразовательный
3242	1	1	общественно
3243	1	1	общет
3244	1	1	объединение
3245	1	1	объективно
3246	1	1	объявить
3247	1	1	объявлять
3248	1	1	объяснимый
3249	1	1	обыденный
3250	1	1	обыкновенный
3251	1	1	обыск
3252	1	1	обязанный
3253	1	1	обязывать
3254	1	1	овес
3255	1	1	овраг
3256	1	1	овсянка
3257	1	1	овсяный
3258	1	1	овцеводство
3259	1	1	овчарка
3260	1	1	ого
3261	1	1	огонь
3262	1	1	огород
3263	1	1	огорчаться
3264	1	1	ограблять
3265	1	1	оградить
3266	1	1	ограждение
3267	1	1	одевать
3268	1	1	одежда
3269	1	1	одиннадцатый
3270	1	1	одногодка
3271	1	1	одноногий
3272	1	1	одностволка
3273	1	1	одолевать
3274	1	1	означать
3275	1	1	озябнуть
3276	1	1	оказывать
3277	1	1	окаменеть
3278	1	1	окей
3279	1	1	оккупация
3280	1	1	округ
3281	1	1	окружать
3282	1	1	октябрь
3283	1	1	оля
3284	1	1	оне
3285	1	1	онлайн
3286	1	1	оо
3287	1	1	опасный
3288	1	1	оперативник
3289	1	1	оперативный
3290	1	1	описывать
3291	1	1	ополоски
3292	1	1	опорно
3293	1	1	оправдать
3294	1	1	определенно
3295	1	1	опрокинуть
3296	1	1	оптимальный
3297	1	1	оптимистичный
3298	1	1	оптимум
3299	1	1	опухнуть
3300	1	1	опухоль
3301	1	1	орангутан
3302	1	1	орать
3303	1	1	организовать
3304	1	1	орджоникидзе
3305	1	1	орнамент
3306	1	1	освобождать
3307	1	1	осетин
3308	1	1	осиновик
3309	1	1	осиновка
3310	1	1	осиновки
3311	1	1	осмотреться
3312	1	1	основа
3313	1	1	особо
3314	1	1	осознанно
3315	1	1	оспа
3316	1	1	оставлять
3317	1	1	останавливать
3318	1	1	остаток
3319	1	1	осторожничать
3320	1	1	острый
3321	1	1	отбирать
3322	1	1	отбоина
3323	1	1	отвалиться
3324	1	1	ответственность
3325	1	1	отвлекать
3326	1	1	отвратительно
3327	1	1	отделаться
3328	1	1	отделение
3329	1	1	отдых
3330	1	1	отжить
3331	1	1	отказать
3332	1	1	отказаться
3333	1	1	отказываться
3334	1	1	отказывваться
3335	1	1	отлив
3336	1	1	отменить
3337	1	1	отмереть
3338	1	1	отмыться
3339	1	1	отнести
3340	1	1	отобрать
3341	1	1	отовсюду
3342	1	1	отопление
3343	1	1	оторвать
3344	1	1	отправлять
3345	1	1	отправляться
3346	1	1	отпускать
3347	1	1	отрадный
3348	1	1	отрицать
3349	1	1	отсаживать
3350	1	1	отслужить
3351	1	1	отставка
3352	1	1	отстать
3353	1	1	отстраивать
3354	1	1	отсутствие
3355	1	1	отсчет
3356	1	1	отталкивание
3357	1	1	оттудова
3358	1	1	отупеть
3359	1	1	отхапать
3360	1	1	отходный
3361	1	1	отцов
3362	1	1	официальный
3363	1	1	ох
3364	1	1	охота
3365	1	1	охотник
3366	1	1	оценить
3367	1	1	очаровательный
3368	1	1	очевидный
3369	1	1	очередной
3370	1	1	очистить
3371	1	1	очистной
3372	1	1	очищаться
3373	1	1	ошалеть
3374	1	1	ошибаться
3375	1	1	ошпарить
3376	1	1	ощущать
3377	1	1	ощущение
3378	1	1	па
3379	1	1	павловна
3380	1	1	падать
3381	1	1	палка
3382	1	1	пальчик
3383	1	1	панель
3384	1	1	папаша
3385	1	1	пар
3386	1	1	параллельно
3387	1	1	парсизон
3388	1	1	партийный
3389	1	1	партия
3390	1	1	парфенова
3391	1	1	пас
3392	1	1	паспортный
3393	1	1	пастуший
3394	1	1	пасха
3395	1	1	патрон
3396	1	1	паутина
3397	1	1	пацаненок
3398	1	1	пациент
3399	1	1	пейзаж
3400	1	1	пенза
3401	1	1	пензиков
3402	1	1	пенсионер
3403	1	1	первенство
3404	1	1	первоученик
3405	1	1	первошкола
3406	1	1	перебрать
3407	1	1	перевернуть
3408	1	1	переверт
3409	1	1	перевертень
3410	1	1	перевести
3411	1	1	перевод
3412	1	1	передача
3413	1	1	передачка
3414	1	1	передвигаться
3415	1	1	передвижной
3416	1	1	переделать
3417	1	1	переезд
3418	1	1	переживание
3419	1	1	переживать
3420	1	1	пережить
3421	1	1	переименовать
3422	1	1	перекреститься
3423	1	1	перемешать
3424	1	1	переселение
3425	1	1	переселяться
3426	1	1	пересмотреть
3427	1	1	переход
3428	1	1	переходить
3429	1	1	периодически
3430	1	1	перо
3431	1	1	перспектива
3432	1	1	петр
3433	1	1	петрович
3434	1	1	печатать
3435	1	1	печататься
3436	1	1	печать
3437	1	1	печень
3438	1	1	пилотка
3439	1	1	пирог
3440	1	1	пирожок
3441	1	1	писаться
3442	1	1	пить
3443	1	1	питьевой
3444	1	1	пища
3445	1	1	плавно
3446	1	1	пласт
3447	1	1	платьице
3448	1	1	плач
3449	1	1	плейстейшен
3450	1	1	плита
3451	1	1	плотнечок
3452	1	1	плотный
3453	1	1	пляж
3454	1	1	плясунья
3455	1	1	победитель
3456	1	1	победить
3457	1	1	побеждать
3458	1	1	побить
3459	1	1	побороть
3460	1	1	побыть
3461	1	1	повертывать
3462	1	1	повести
3463	1	1	повзрослеть
3464	1	1	повинный
3465	1	1	повлиять
3466	1	1	повод
3467	1	1	повозиться
3468	1	1	повсеместно
3469	1	1	повтор
3470	1	1	повторить
3471	1	1	повторять
3472	1	1	повыкопать
3473	1	1	повыступать
3474	1	1	повышение
3475	1	1	поглощение
3476	1	1	поглядывать
3477	1	1	погодка
3478	1	1	погреб
3479	1	1	погрузка
3480	1	1	погулять
3481	1	1	подбор
3482	1	1	подготовить
3483	1	1	подготовиться
3484	1	1	подготовка
3485	1	1	поддаваться
3486	1	1	поддерживаться
3487	1	1	поделаться
3488	1	1	поделиться
3489	1	1	подзиривать
3490	1	1	подивиться
3491	1	1	подкалывать
3492	1	1	подкрасться
3493	1	1	подмыть
3494	1	1	поднимать
3495	1	1	поднять
3496	1	1	подняться
3497	1	1	подо
3498	1	1	подозреваемый
3499	1	1	подозрение
3500	1	1	подоить
3501	1	1	подольский
3502	1	1	подпалить
3503	1	1	подписчик
3504	1	1	подраться
3505	1	1	подросток
3506	1	1	подручный
3507	1	1	подсвинков
3508	1	1	подслушать
3509	1	1	подсчет
3510	1	1	подталкивать
3511	1	1	подтирать
3512	1	1	подушечка
3513	1	1	подъем
3514	1	1	подыскивать
3515	1	1	подышать
3516	1	1	поездка
3517	1	1	пожаловать
3518	1	1	пожар
3519	1	1	пожевать
3520	1	1	пожениться
3521	1	1	пожилой
3522	1	1	позабрать
3523	1	1	позабывать
3524	1	1	позавтракать
3525	1	1	позавчера
3526	1	1	позапоздниться
3527	1	1	позволить
3528	1	1	поздний
3529	1	1	поздорову
3530	1	1	познакомить
3531	1	1	поиск
3532	1	1	поисковый
3533	1	1	поить
3534	1	1	показатель
3535	1	1	показаться
3536	1	1	покамест
3537	1	1	покупаться
3538	1	1	покурить
3539	1	1	полад
3540	1	1	полгектара
3541	1	1	полгорода
3542	1	1	полегонечку
3543	1	1	полежать
3544	1	1	полезть
3545	1	1	полиция
3546	1	1	полковник
3547	1	1	полно
3548	1	1	полнометражный
3549	1	1	полноценный
3550	1	1	полночь
3551	1	1	половой
3552	1	1	поломать
3553	1	1	полоса
3554	1	1	полоскать
3555	1	1	полоть
3556	1	1	полуавтоматический
3557	1	1	полудревесный
3558	1	1	полуназемный
3559	1	1	получение
3560	1	1	польза
3561	1	1	пользователь
3562	1	1	помазать
3563	1	1	помазаться
3564	1	1	помаленьку
3565	1	1	померять
3566	1	1	помещение
3567	1	1	поминание
3568	1	1	поминать
3569	1	1	поминки
3570	1	1	помногу
3571	1	1	помощник
3572	1	1	помыться
3573	1	1	поначалу
3574	1	1	понежиться
3575	1	1	понемногу
3576	1	1	поносить
3577	1	1	поощрение
3578	1	1	поп
3579	1	1	попадаться
3580	1	1	попариться
3581	1	1	попечительство
3582	1	1	попить
3583	1	1	поплясать
3584	1	1	поповесять
3585	1	1	пополнять
3586	1	1	поправка
3587	1	1	попредставлять
3588	1	1	попретиться
3589	1	1	поприезжать
3590	1	1	попрыгать
3591	1	1	попытаться
3592	1	1	поработать
3593	1	1	поросятки
3594	1	1	портки
3595	1	1	поручение
3596	1	1	поручить
3597	1	1	посевной
3598	1	1	посевный
3599	1	1	посередь
3600	1	1	последователь
3601	1	1	последовательность
3602	1	1	пословица
3603	1	1	послушный
3604	1	1	посмеиваться
3605	1	1	пост
3606	1	1	постареть
3607	1	1	постепенно
3608	1	1	постигать
3609	1	1	постирать
3610	1	1	постпродакшн
3611	1	1	постсоветский
3612	1	1	поступок
3613	1	1	пот
3614	1	1	потенциально
3615	1	1	потеплеть
3616	1	1	поток
3617	1	1	потолок
3618	1	1	потребитель
3619	1	1	потребность
3620	1	1	потребоваться
3621	1	1	потрясающий
3622	1	1	поуехать
3623	1	1	поумереть
3624	1	1	поучаствовать
3625	1	1	похвальный
3626	1	1	похлебать
3627	1	1	почернеть
3628	1	1	почетный
3629	1	1	почка
3630	1	1	пошвыркать
3631	1	1	пояснить
3632	1	1	пр
3633	1	1	правдивый
3634	1	1	правнук
3635	1	1	православный
3636	1	1	правый
3637	1	1	праздничный
3638	1	1	празднование
3639	1	1	практичный
3640	1	1	предвыборный
3641	1	1	преддверие
3642	1	1	предлагать
3643	1	1	предполагать
3644	1	1	предположение
3645	1	1	предположительно
3646	1	1	предпринимать
3647	1	1	представиться
3648	1	1	представление
3649	1	1	предстоять
3650	1	1	предупредительный
3651	1	1	предупредить
3652	1	1	предыдущий
3653	1	1	предыстория
3654	1	1	прежде
3655	1	1	прелестный
3656	1	1	преображаться
3657	1	1	преподноситься
3658	1	1	препона
3659	1	1	престижный
3660	1	1	престольный
3661	1	1	претить
3662	1	1	пречистенский
3663	1	1	прибавить
3664	1	1	прибежать
3665	1	1	привариться
3666	1	1	приводить
3667	1	1	привязать
3668	1	1	пригласить
3669	1	1	приговорить
3670	1	1	придерживать
3671	1	1	придерживаться
3672	1	1	придурочно
3673	1	1	придурочный
3674	1	1	приежать
3675	1	1	приезд
3676	1	1	прижать
3677	1	1	призадуматься
3678	1	1	признаться
3679	1	1	призрак
3680	1	1	приказ
3681	1	1	прикинуть
3682	1	1	прикладывать
3683	1	1	приключилось
3684	1	1	приключить
3685	1	1	приключиться
3686	1	1	приколоть
3687	1	1	приколу
3688	1	1	прикольно
3689	1	1	прикрутить
3690	1	1	прикрыть
3691	1	1	прилечь
3692	1	1	приличный
3693	1	1	пример
3694	1	1	принудильщик
3695	1	1	принципиально
3696	1	1	принятый
3697	1	1	приобрести
3698	1	1	приотарный
3699	1	1	прислать
3700	1	1	присмотр
3701	1	1	присоединиться
3702	1	1	пристрогаться
3703	1	1	пристройка
3704	1	1	приступить
3705	1	1	присутствовать
3706	1	1	приходиться
3707	1	1	причем
3708	1	1	прическа
3709	1	1	причесываться
3710	1	1	пробовать
3711	1	1	проверка
3712	1	1	прогнать
3713	1	1	прогноз
3714	1	1	проговорить
3715	1	1	проголодаться
3716	1	1	прогонять
3717	1	1	прогулять
3718	1	1	продавец
3719	1	1	продажа
3720	1	1	продажность
3721	1	1	продвигаться
3722	1	1	продоить
3723	1	1	проезд
3724	1	1	проездить
3725	1	1	проезжать
3726	1	1	прозвать
3727	1	1	произрастать
3728	1	1	пройтись
3729	1	1	прокомментировать
3730	1	1	пролить
3731	1	1	пролонгация
3732	1	1	пропасть
3733	1	1	прописать
3734	1	1	прописывать
3735	1	1	пропускной
3736	1	1	пропустить
3737	1	1	прорывать
3738	1	1	прослеживать
3739	1	1	проснуться
3740	1	1	прострелить
3741	1	1	просыпаться
3742	1	1	просьба
3743	1	1	протестовать
3744	1	1	противный
3745	1	1	протяжно
3746	1	1	профессионально
3747	1	1	профиль
3748	1	1	профильный
3749	1	1	прочее
3750	1	1	прочистить
3751	1	1	прошлогодний
3752	1	1	прудик
3753	1	1	прутков
3754	1	1	пры
3755	1	1	прыгнуть
3756	1	1	птица
3757	1	1	пункт
3758	1	1	пусть
3759	1	1	путана
3760	1	1	путаться
3761	1	1	пух
3762	1	1	пушистый
3763	1	1	пущать
3764	1	1	пытаться
3765	1	1	пьеса
3766	1	1	пятидесятый
3767	1	1	пятидневка
3768	1	1	пятнадцатый
3769	1	1	р
3770	1	1	ра
3771	1	1	раб
3772	1	1	раба
3773	1	1	ради
3774	1	1	радио
3775	1	1	радостный
3776	1	1	разбегаться
3777	1	1	разбиваться
3778	1	1	разбираться
3779	1	1	разборка
3780	1	1	развалиться
3781	1	1	развитый
3782	1	1	развиться
3783	1	1	разга
3784	1	1	разгон
3785	1	1	раздевалка
3786	1	1	разделение
3787	1	1	разделить
3788	1	1	раздеть
3789	1	1	раздумывать
3790	1	1	различный
3791	1	1	размер
3792	1	1	размешивать
3793	1	1	разному
3794	1	1	разнообразие
3795	1	1	разобрать
3796	1	1	разогнать
3797	1	1	разойтись
3798	1	1	разрушаться
3799	1	1	разыскивать
3800	1	1	раиль
3801	1	1	рай
3802	1	1	рановато
3803	1	1	раскопать
3804	1	1	раскрыть
3805	1	1	раскулачивание
3806	1	1	раскулачить
3807	1	1	расплод
3808	1	1	располагать
3809	1	1	расположение
3810	1	1	расправить
3811	1	1	распространение
3812	1	1	распространенный
3813	1	1	рассказ
3814	1	1	рассмотрение
3815	1	1	расставание
3816	1	1	рассыпчатый
3817	1	1	растащить
3818	1	1	раствориться
3819	1	1	растение
3820	1	1	рашитывать
3821	1	1	рая
3822	1	1	рваный
3823	1	1	реализовывать
3824	1	1	реальность
3825	1	1	революция
3826	1	1	регламентироваться
3827	1	1	регулировать
3828	1	1	редактор
3829	1	1	режим
3830	1	1	резко
3831	1	1	рейка
3832	1	1	рейтинговый
3833	1	1	рекорд
3834	1	1	ремонт
3835	1	1	репродуктор
3836	1	1	ресторан
3837	1	1	ресурс
3838	1	1	рецепт
3839	1	1	риал
3840	1	1	рига
3841	1	1	ринг
3842	1	1	риск
3843	1	1	ритка
3844	1	1	ритуал
3845	1	1	ровесник
3846	1	1	ровный
3847	1	1	рог
3848	1	1	род
3849	1	1	родина
3850	1	1	родить
3851	1	1	родственный
3852	1	1	рожа
3853	1	1	роза
3854	1	1	рок
3855	1	1	романтика
3856	1	1	романтический
3857	1	1	романтичный
3858	1	1	ромашка
3859	1	1	росагромаш
3860	1	1	ростовский
3861	1	1	ростсельмаш
3862	1	1	роща
3863	1	1	ртрс
3864	1	1	рубрика
3865	1	1	рукавица
3866	1	1	руководство
3867	1	1	рулон
3868	1	1	румяный
3869	1	1	русло
3870	1	1	рустам
3871	1	1	рыбак
3872	1	1	рыть
3873	1	1	рээ
3874	1	1	рядышком
3875	1	1	рязанский
3876	1	1	савка
3877	1	1	сад
3878	1	1	садить
3879	1	1	самара
3880	1	1	самоидентифицировать
3881	1	1	самоизоляция
3882	1	1	самооголение
3883	1	1	самородок
3884	1	1	самостоятельно
3885	1	1	самочувствие
3886	1	1	самшитовый
3887	1	1	саратов
3888	1	1	сахарок
3889	1	1	сбегать
3890	1	1	сбегаться
3891	1	1	сбоку
3892	1	1	свекровия
3893	1	1	свекровка
3894	1	1	свекровушка
3895	1	1	свекруха
3896	1	1	свердловск
3897	1	1	светить
3898	1	1	светиться
3899	1	1	светленький
3900	1	1	свидание
3901	1	1	свистеть
3902	1	1	своему
3903	1	1	своеобразный
3904	1	1	сворачивать
3905	1	1	своротить
3906	1	1	свысока
3907	1	1	связаться
3908	1	1	святой
3909	1	1	сгореть
3910	1	1	сдерживать
3911	1	1	сдобрить
3912	1	1	сдохнуть
3913	1	1	сдуться
3914	1	1	север
3915	1	1	сегда
3916	1	1	седне
3917	1	1	седня
3918	1	1	сексуальный
3919	1	1	сектор
3920	1	1	селение
3921	1	1	селковников
3922	1	1	сельсовет
3923	1	1	семенковский
3924	1	1	семидесятилетие
3925	1	1	семнадцатый
3926	1	1	семнадцать
3927	1	1	семьсот
3928	1	1	сенокос
3929	1	1	сертификат
3930	1	1	сзади
3931	1	1	сизо
3932	1	1	сильный
3933	1	1	синоним
3934	1	1	сирота
3935	1	1	сказываться
3936	1	1	скандалить
3937	1	1	сквозной
3938	1	1	скирдовка
3939	1	1	склад
3940	1	1	склониться
3941	1	1	сковородник
3942	1	1	скок
3943	1	1	скосить
3944	1	1	скреплево
3945	1	1	скучно
3946	1	1	слать
3947	1	1	слететь
3948	1	1	слечь
3949	1	1	слобода
3950	1	1	словечечко
3951	1	1	словечко
3952	1	1	словечушко
3953	1	1	сложиться
3954	1	1	сложность
3955	1	1	слон
3956	1	1	слыхать
3957	1	1	смениться
3958	1	1	смертельно
3959	1	1	смертность
3960	1	1	смерть
3961	1	1	смех
3962	1	1	снарядить
3963	1	1	снежинка
3964	1	1	снежок
3965	1	1	сногсшибательный
3966	1	1	сноп
3967	1	1	снопик
3968	1	1	собр
3969	1	1	собственно
3970	1	1	совдепия
3971	1	1	совершить
3972	1	1	совмещать
3973	1	1	совок
3974	1	1	совхоз
3975	1	1	согласие
3976	1	1	соединение
3977	1	1	соединить
3978	1	1	сожрать
3979	1	1	создание
3980	1	1	создать
3981	1	1	сознавать
3982	1	1	сознание
3983	1	1	солнышко
3984	1	1	сон
3985	1	1	сообщение
3986	1	1	соответствовать
3987	1	1	соответствующий
3988	1	1	сопроводить
3989	1	1	сопротивление
3990	1	1	соревнование
3991	1	1	соседушка
3992	1	1	соскучиться
3993	1	1	сосна
3994	1	1	состоять
3995	1	1	сотка
3996	1	1	социализация
3997	1	1	социальный
3998	1	1	социолог
3999	1	1	сочувствовать
4000	1	1	союз
4001	1	1	спад
4002	1	1	спадать
4003	1	1	спальня
4004	1	1	спеть
4005	1	1	специальность
4006	1	1	специфика
4007	1	1	специфический
4008	1	1	спиваться
4009	1	1	списывать
4010	1	1	спитой
4011	1	1	сплавщик
4012	1	1	сплошняком
4013	1	1	спокойствие
4014	1	1	справедливый
4015	1	1	справиться
4016	1	1	справляться
4017	1	1	справочник
4018	1	1	спрыскивать
4019	1	1	спрятать
4020	1	1	спрятаться
4021	1	1	спустить
4022	1	1	спятить
4023	1	1	сравнительный
4024	1	1	сравнить
4025	1	1	сразиться
4026	1	1	сробить
4027	1	1	ссориться
4028	1	1	ссщщ
4029	1	1	ставиться
4030	1	1	ставропольский
4031	1	1	стадо
4032	1	1	сталинград
4033	1	1	стандартный
4034	1	1	становиться
4035	1	1	станция
4036	1	1	старому
4037	1	1	статус
4038	1	1	статься
4039	1	1	стенка
4040	1	1	степан
4041	1	1	степанович
4042	1	1	стойка
4043	1	1	столкнуть
4044	1	1	стопка
4045	1	1	стори
4046	1	1	сторонник
4047	1	1	страничка
4048	1	1	стремительно
4049	1	1	стресс
4050	1	1	стрит
4051	1	1	строительный
4052	1	1	строиться
4053	1	1	стройка
4054	1	1	стройматериалы
4055	1	1	студент
4056	1	1	стульчик
4057	1	1	ступень
4058	1	1	стыдный
4059	1	1	стырить
4060	1	1	сугубо
4061	1	1	суд
4062	1	1	судебный
4063	1	1	судить
4064	1	1	сумка
4065	1	1	сунуть
4066	1	1	супер
4067	1	1	суперзвезда
4068	1	1	супружество
4069	1	1	суровый
4070	1	1	сурья
4071	1	1	сутки
4072	1	1	сухота
4073	1	1	сфотографировать
4074	1	1	сценарий
4075	1	1	сценка
4076	1	1	счастливый
4077	1	1	считанный
4078	1	1	сшшс
4079	1	1	съезд
4080	1	1	съезжать
4081	1	1	съесть
4082	1	1	съехать
4083	1	1	сыграть
4084	1	1	сыктывкарский
4085	1	1	сымать
4086	1	1	сырой
4087	1	1	сюды
4088	1	1	таблеточка
4089	1	1	таблица
4090	1	1	тады
4091	1	1	таз
4092	1	1	тай
4093	1	1	тайм
4094	1	1	таков
4095	1	1	талантливый
4096	1	1	талончик
4097	1	1	тальтия
4098	1	1	тамара
4099	1	1	тамбовский
4100	1	1	тамотко
4101	1	1	танк
4102	1	1	таня
4103	1	1	тар
4104	1	1	татарстан
4105	1	1	татьяна
4106	1	1	тварина
4107	1	1	тварь
4108	1	1	твердый
4109	1	1	творец
4110	1	1	твориться
4111	1	1	творческий
4112	1	1	творчество
4113	1	1	театр
4114	1	1	телевизионный
4115	1	1	телевизор
4116	1	1	телефонный
4117	1	1	тематика
4118	1	1	температура
4119	1	1	темрюкский
4120	1	1	теплякова
4121	1	1	терпение
4122	1	1	терпеть
4123	1	1	территория
4124	1	1	терять
4125	1	1	тест
4126	1	1	тестирование
4127	1	1	тетка
4128	1	1	техника
4129	1	1	течь
4130	1	1	типография
4131	1	1	тихонечко
4132	1	1	тканый
4133	1	1	ткнуть
4134	1	1	тнт
4135	1	1	толковый
4136	1	1	толсто
4137	1	1	толстый
4138	1	1	тольяттинский
4139	1	1	тонна
4140	1	1	торговля
4141	1	1	торговый
4142	1	1	тоскать
4143	1	1	точнее
4144	1	1	травить
4145	1	1	травма
4146	1	1	трамвайный
4147	1	1	трамплин
4148	1	1	трансплантация
4149	1	1	трезвый
4150	1	1	тренажер
4151	1	1	тренировка
4152	1	1	треугольник
4153	1	1	тридцатый
4154	1	1	троллейбусный
4155	1	1	тролль
4156	1	1	тротуар
4157	1	1	трофим
4158	1	1	тряпка
4159	1	1	туды
4160	1	1	туман
4161	1	1	туристический
4162	1	1	турок
4163	1	1	тусовка
4164	1	1	тутотка
4165	1	1	тушенка
4166	1	1	тыcяча
4167	1	1	тык
4168	1	1	тырдельник
4169	1	1	тюменский
4170	1	1	тянуться
4171	1	1	убедить
4172	1	1	убежать
4173	1	1	убираться
4174	1	1	убиться
4175	1	1	убрать
4176	1	1	уважать
4177	1	1	увилок
4178	1	1	увлекаться
4179	1	1	увозить
4180	1	1	увольнение
4181	1	1	увольнять
4182	1	1	углевод
4183	1	1	уговор
4184	1	1	угол
4185	1	1	угостить
4186	1	1	угрожать
4187	1	1	удалять
4188	1	1	удар
4189	1	1	ударение
4190	1	1	удаться
4191	1	1	уделить
4192	1	1	уделять
4193	1	1	удивительно
4194	1	1	удивительный
4195	1	1	удивляться
4196	1	1	удобный
4197	1	1	удовлетворить
4198	1	1	удовлетворять
4199	1	1	удовольствие
4200	1	1	удумать
4201	1	1	удуматься
4202	1	1	узенький
4203	1	1	указ
4204	1	1	указательный
4205	1	1	укладка
4206	1	1	уколоть
4207	1	1	улетать
4208	1	1	улететь
4209	1	1	улечься
4210	1	1	улочка
4211	1	1	улыбаться
4212	1	1	умар
4213	1	1	умудриться
4214	1	1	унеча
4215	1	1	упорно
4216	1	1	употреблять
4217	1	1	управление
4218	1	1	управляться
4219	1	1	упрек
4220	1	1	урал
4221	1	1	уродиться
4222	1	1	урочище
4223	1	1	усадьба
4224	1	1	усилие
4225	1	1	усилиться
4226	1	1	усиляться
4227	1	1	уследить
4228	1	1	условно
4229	1	1	успевать
4230	1	1	успешно
4231	1	1	успрашивать
4232	1	1	установить
4233	1	1	установление
4234	1	1	устойчивый
4235	1	1	устроиться
4236	1	1	устюжна
4237	1	1	усугубление
4238	1	1	усыновить
4239	1	1	утверждать
4240	1	1	утереть
4241	1	1	утерять
4242	1	1	утонуть
4243	1	1	утратить
4244	1	1	утренний
4245	1	1	утюг
4246	1	1	уфимец
4247	1	1	ухх
4248	1	1	участвовать
4249	1	1	участие
4250	1	1	участник
4251	1	1	участь
4252	1	1	ученый
4253	1	1	учительница
4254	1	1	учитывать
4255	1	1	учредитель
4256	1	1	учреждение
4257	1	1	уютный
4258	1	1	фаворит
4259	1	1	фай
4260	1	1	февраль
4261	1	1	федор
4262	1	1	фельдшер
4263	1	1	феодос
4264	1	1	фиаско
4265	1	1	фигня
4266	1	1	физико
4267	1	1	физкультура
4268	1	1	филармония
4269	1	1	финальный
4270	1	1	финишный
4271	1	1	фитилек
4272	1	1	фитнес
4273	1	1	флер
4274	1	1	фомичева
4275	1	1	форменный
4276	1	1	форсить
4277	1	1	фотографироваться
4278	1	1	фотокарточка
4279	1	1	франция
4280	1	1	фрукт
4281	1	1	функционал
4282	1	1	функция
4283	1	1	х
4284	1	1	хакимов
4285	1	1	халявный
4286	1	1	хамство
4287	1	1	хан
4288	1	1	характер
4289	1	1	характеристика
4290	1	1	харизма
4291	1	1	хасавюрт
4292	1	1	хаха
4293	1	1	хвалить
4294	1	1	хвататься
4295	1	1	хвать
4296	1	1	хвойный
4297	1	1	хвост
4298	1	1	хвостик
4299	1	1	хейтер
4300	1	1	хина
4301	1	1	хип
4302	1	1	хитрый
4303	1	1	хищнический
4304	1	1	хлебушек
4305	1	1	хлопнуть
4306	1	1	хмыкает
4307	1	1	хобби
4308	1	1	хово
4309	1	1	холодильник
4310	1	1	хоп
4311	1	1	хорева
4312	1	1	хореография
4313	1	1	хоронить
4314	1	1	хохотать
4315	1	1	хош
4316	1	1	хранение
4317	1	1	хрень
4318	1	1	хрр
4319	1	1	хрущевка
4320	1	1	хурма
4321	1	1	хутор
4322	1	1	ца
4323	1	1	царевич
4324	1	1	цвет
4325	1	1	цветастый
4326	1	1	цветок
4327	1	1	целенаправленно
4328	1	1	цель
4329	1	1	цен
4330	1	1	цеплять
4331	1	1	цепь
4332	1	1	церемониться
4333	1	1	цитировать
4334	1	1	цифровой
4335	1	1	цицерон
4336	1	1	цокает
4337	1	1	цыган
4338	1	1	цыплятки
4339	1	1	чапаев
4340	1	1	частица
4341	1	1	частично
4342	1	1	чашечка
4343	1	1	чашка
4344	1	1	чего
4345	1	1	челябинск
4346	1	1	чемпион
4347	1	1	череда
4348	1	1	черенков
4349	1	1	черкесия
4350	1	1	черный
4351	1	1	черпать
4352	1	1	черта
4353	1	1	честный
4354	1	1	четверть
4355	1	1	четко
4356	1	1	четырнадцатый
4357	1	1	чи
4358	1	1	чиновник
4359	1	1	чистка
4360	1	1	чисто
4361	1	1	читатель
4362	1	1	чокнуться
4363	1	1	чуваш
4364	1	1	чугун
4365	1	1	чудесный
4366	1	1	чудо
4367	1	1	чума
4368	1	1	чушь
4369	1	1	шара
4370	1	1	шарик
4371	1	1	шататься
4372	1	1	шевелить
4373	1	1	шелохнуться
4374	1	1	шелупиться
4375	1	1	шепотом
4376	1	1	шестнадцать
4377	1	1	шесток
4378	1	1	шестьсот
4379	1	1	шея
4380	1	1	шибко
4381	1	1	шимпанзе
4382	1	1	широкий
4383	1	1	шитова
4384	1	1	шихта
4385	1	1	школьный
4386	1	1	шляпа
4387	1	1	шнурок
4388	1	1	шок
4389	1	1	шоша
4390	1	1	штанга
4391	1	1	штукатурка
4392	1	1	штурм
4393	1	1	шулюшка
4394	1	1	шуметь
4395	1	1	шуруп
4396	1	1	шутиков
4397	1	1	щека
4398	1	1	щепалов
4399	1	1	щербакова
4400	1	1	щи
4401	1	1	щипать
4402	1	1	що
4403	1	1	эволюционировать
4404	1	1	эвэнт
4405	1	1	эи
4406	1	1	экономический
4407	1	1	экскаваторщик
4408	1	1	экстернат
4409	1	1	электронный
4410	1	1	элементарно
4411	1	1	элитарный
4412	1	1	эльза
4413	1	1	эмо
4414	1	1	эмоция
4415	1	1	энергия
4416	1	1	энтот
4417	1	1	эт
4418	1	1	этнографический
4419	1	1	этось
4420	1	1	эфир
4421	1	1	эх
4422	1	1	эхо
4423	1	1	ээх
4424	1	1	юбилейчик
4425	1	1	юбка
4426	1	1	юзефович
4427	1	1	юлить
4428	1	1	юля
4429	1	1	юноша
4430	1	1	юридический
4431	1	1	юрий
4432	1	1	ютуб
4433	1	1	явка
4434	1	1	ягиба
4435	1	1	ягода
4436	1	1	якибошна
4437	1	1	якименкова
4438	1	1	якубович
4439	1	1	якутск
4440	1	1	яма
4441	1	1	январь
4442	1	1	яркий
4443	1	1	ярко
4444	1	1	ярославский
4445	1	1	ячмень
